Category,School Year,Time Period1,# of Misconducts2,# of Group 1-2 (minor) Misconducts3,# of Group 3-4 (moderate) Misconducts4,# of Group 5-6 (major) Misconducts5,# of Suspensions6,% of Misconducts Resulting in a Suspension,# of ISS,% of Misconducts Resulting in ISS,ISS per 100 Students,# of Unique Students Receiving ISS,% of Unique Students Receiving ISS,Average Length of ISS,# of OSS,% of Misconducts Resulting in OSS,OSS per 100 Students,# of Unique Students Receiving OSS,% of Unique Students Receiving OSS,Average Length of OSS,# of Police Notifications,% of Misconducts Resulting in Police Notification,Police Notifications per 100 Students,# of Unique Students Receiving Police Notification,% of Unique Students Receiving Police Notification,# of Students Expelled,Expulsions per 100 Students,# of Students Expelled,Expulsions per 100 Students,# of Students Expelled,Expulsions per 100 Students,
District Wide,2013-2014,S1,61661,31505,26153,4003,45455,73.7,20226,32.8,6.38,11263,3.6,1.24,25229,40.9,7.96,16235,5.1,2.47,2143,3.5,0.68,1864,0.6,205,0.06,70,0.02,135,0.28,
District Wide,2013-2014,EOY,120543,58906,53311,8326,87763,72.8,38055,31.6,12.77,17597,5.9,1.3,49708,41.2,16.69,26436,8.9,2.46,4342,3.6,1.46,3543,1.2,495,0.17,184,0.06,311,0.79,
District Wide,2014-2015,S1,60026,35577,20971,3478,27601,46,17675,29.4,5.55,9518,3,1.25,9926,16.5,3.12,7019,2.2,2.41,1958,3.3,0.61,1671,0.5,138,0.04,20,0.01,118,0.23,
District Wide,2014-2015,EOY,132529,74771,49841,7917,63031,47.6,38668,29.2,13.02,16608,5.6,1.25,24363,18.4,8.21,14364,4.8,2.33,4210,3.2,1.42,3347,1.1,430,0.15,111,0.04,319,0.78,
District Wide,2015-2016,S1,60093,34187,22244,3662,26924,44.8,16747,27.9,5.24,8630,2.7,1.21,10177,16.9,3.18,7353,2.3,2.29,1549,2.6,0.48,1340,0.4,138,0.04,34,0.01,104,0.2,
District Wide,2015-2016,EOY,122104,68376,46004,7724,57321,46.9,34174,28,12.19,15173,5.4,1.23,23147,19,8.26,14059,5,2.26,3253,2.7,1.16,2637,0.9,358,0.13,75,0.03,283,0.65,
District Wide,2016-2017,S1,51213,32793,15487,2933,17384,33.9,10345,20.2,3.3,6624,2.1,1.24,7039,13.7,2.25,5318,1.7,2.06,1325,2.6,0.42,1171,0.4,117,0.03,46,0.01,71,0.14,
District Wide,2016-2017,EOY,100489,62078,32379,6032,38199,38,21574,21.5,7.78,12227,4.4,1.26,16625,16.5,6,10766,3.9,2.04,2681,2.7,0.97,2215,0.8,258,0.09,103,0.04,155,0.37,
District Wide,2017-2018,S1,49583,32977,13683,2923,15742,31.7,9470,19.1,3.17,6359,2.1,1.28,6272,12.6,2.1,4890,1.6,2.08,1158,2.3,0.39,1018,0.3,62,0.02,13,0,49,0.11,
District Wide,2017-2018,EOY,97727,63453,28190,6084,34168,35,20605,21.1,8.9,11843,5.1,1.28,13563,13.9,5.86,9239,4,2.06,2354,2.4,1.02,1995,0.9,198,0.08,52,0.02,146,0.37,
District Wide,2018-2019,S1,39461,23460,12304,3697,15280,38.7,10001,25.3,3.42,6461,2.2,1.25,5279,13.4,1.81,4145,1.4,1.89,1054,2.7,0.36,905,0.3,65,0.02,,,65,0.14,
District Wide,2018-2019,EOY,76916,42689,26403,7824,32726,42.5,21141,27.5,9.44,11432,5.1,1.25,11585,15.1,5.17,8004,3.6,1.91,1757,2.3,0.78,1486,0.7,171,0.07,27,0.01,142,0.34,
District Wide,2019-2020,S1,33002,18908,12165,1929,9794,29.7,6168,18.7,2.33,4423,1.7,1.27,3626,11,1.37,2930,1.1,1.86,1015,3.1,0.38,911,0.3,34,0.01,2,0,32,0.07,
District Wide,2019-2020,EOY,48404,26568,18803,3033,15047,31.1,9024,18.6,4.18,6134,2.8,1.26,6023,12.4,2.79,4573,2.1,1.92,1586,3.3,0.73,1393,0.6,72,0.03,16,0.01,56,0.16,
District Wide,2020-2021,S1,1996,1173,737,86,16,0.8,1,0.1,0,1,0,2,15,0.8,0.01,15,0,1.67,17,0.9,0.01,17,0,2,0,,,2,0,
District Wide,2020-2021,EOY,3922,2350,1406,166,44,1.1,1,0,0,1,0,2,43,1.1,0.02,40,0,1.67,57,1.5,0.03,53,0,4,0,,,4,0.01,
District Wide,2021-2022,S1,28067,16214,9850,2003,5689,20.3,1996,7.1,0.93,1662,0.8,1.31,3693,13.2,1.72,2943,1.4,2.12,551,2,0.26,507,0.2,33,0.01,11,0.01,22,0.05,
District Wide,2021-2022,EOY,72348,43387,24085,4876,16107,22.3,6118,8.5,3.3,4549,2.5,1.29,9989,13.8,5.39,6753,3.6,2.15,1245,1.7,0.67,1131,0.6,113,0.05,33,0.02,80,0.2,
Male,2013-2014,S1,41320,20857,17603,2860,30432,73.6,13249,32.1,8.27,7008,4.4,,17183,41.6,10.73,10713,6.7,,1459,3.5,0.91,1249,0.8,145,0.08,53,0.03,92,0.39,
Male,2013-2014,EOY,79769,38504,35337,5928,58032,72.8,24532,30.8,16.31,10774,7.2,,33500,42,22.27,17036,11.3,,2937,3.7,1.95,2335,1.6,343,0.24,128,0.09,215,1.1,
Male,2014-2015,S1,39705,23406,13805,2494,17903,45.1,11305,28.5,7.03,5922,3.7,,6598,16.6,4.11,4535,2.8,,1337,3.4,0.83,1109,0.7,117,0.06,17,0.01,100,0.39,
Male,2014-2015,EOY,87349,48802,33064,5483,40931,46.9,24644,28.2,16.45,10290,6.9,,16287,18.6,10.87,9167,6.1,,2846,3.3,1.9,2180,1.5,323,0.23,93,0.06,230,1.13,
Male,2015-2016,S1,40439,23179,14718,2542,17767,43.9,11017,27.2,6.82,5427,3.4,,6750,16.7,4.18,4701,2.9,,1068,2.6,0.66,906,0.6,104,0.06,32,0.02,72,0.28,
Male,2015-2016,EOY,80708,45253,30232,5223,37313,46.2,22219,27.5,15.69,9415,6.6,,15094,18.7,10.66,8782,6.2,,2128,2.6,1.5,1674,1.2,244,0.17,68,0.05,176,0.81,
Male,2016-2017,S1,34266,21614,10560,2092,11671,34.1,6973,20.3,4.41,4284,2.7,,4698,13.7,2.97,3450,2.2,,904,2.6,0.57,782,0.5,88,0.05,36,0.02,52,0.21,
Male,2016-2017,EOY,66800,40870,21810,4120,25169,37.7,14404,21.6,10.29,7812,5.6,,10765,16.1,7.69,6697,4.8,,1775,2.7,1.27,1427,1,200,0.14,83,0.06,117,0.55,
Male,2017-2018,S1,32790,21456,9297,2037,10320,31.5,6213,18.9,4.12,4083,2.7,,4107,12.5,2.72,3120,2.1,,789,2.4,0.52,678,0.4,45,0.03,11,0.01,34,0.15,
Male,2017-2018,EOY,64035,40799,19058,4178,22548,35.2,13584,21.2,11.62,7513,6.4,,8964,14,7.67,5861,5,,1568,2.4,1.34,1306,1.1,128,0.1,35,0.03,93,0.47,
Male,2018-2019,S1,26847,16043,8188,2616,9891,36.8,6397,23.8,4.33,4088,2.8,,3494,13,2.37,2633,1.8,,685,2.6,0.46,579,0.4,45,0.03,,,45,0.19,
Male,2018-2019,EOY,51449,28649,17407,5393,21074,41,13414,26.1,11.85,7156,6.3,,7660,14.9,6.77,5030,4.4,,1158,2.3,1.02,959,0.8,125,0.1,21,0.02,104,0.5,
Male,2019-2020,S1,20926,11414,8136,1376,6354,30.4,3982,19,2.96,2820,2.1,,2372,11.3,1.77,1878,1.4,,677,3.2,0.5,593,0.4,19,0.01,2,0,17,0.07,
Male,2019-2020,EOY,30733,16069,12527,2137,9763,31.8,5880,19.1,5.36,3935,3.6,,3883,12.6,3.54,2858,2.6,,1025,3.3,0.93,887,0.8,46,0.04,15,0.01,31,0.18,
Male,2020-2021,S1,1292,756,470,66,11,0.9,1,0.1,0,1,0,,10,0.8,0.01,10,0,,12,0.9,0.01,12,0,2,0,,,2,0.01,
Male,2020-2021,EOY,2598,1567,909,122,27,1,1,0,0,1,0,,26,1,0.03,26,0,,38,1.5,0.04,38,0,3,0,,,3,0.01,
Male,2021-2022,S1,16857,9354,6208,1295,3392,20.1,1218,7.2,1.12,984,0.9,,2174,12.9,2,1684,1.6,,292,1.7,0.27,268,0.2,28,0.02,6,0.01,22,0.11,
Male,2021-2022,EOY,42798,24521,15204,3073,9654,22.6,3818,8.9,4.06,2772,2.9,,5836,13.6,6.21,3837,4.1,,670,1.6,0.71,607,0.6,89,0.08,20,0.02,69,0.34,
Female,2013-2014,S1,20341,10648,8550,1143,15023,73.9,6977,34.3,4.45,4255,2.7,,8046,39.6,5.13,5522,3.5,,684,3.4,0.44,615,0.4,60,0.03,17,0.01,43,0.18,
Female,2013-2014,EOY,40773,20401,17974,2398,29731,72.9,13523,33.2,9.18,6823,4.6,,16208,39.8,11,9400,6.4,,1405,3.4,0.95,1208,0.8,152,0.11,56,0.04,96,0.48,
Female,2014-2015,S1,20315,12168,7163,984,9698,47.7,6370,31.4,4.04,3596,2.3,,3328,16.4,2.11,2484,1.6,,621,3.1,0.39,562,0.4,21,0.01,3,0,18,0.07,
Female,2014-2015,EOY,45167,25960,16773,2434,22099,48.9,14024,31,9.54,6318,4.3,,8075,17.9,5.49,5196,3.5,,1364,3,0.93,1167,0.8,107,0.08,18,0.01,89,0.44,
Female,2015-2016,S1,19652,11007,7525,1120,9157,46.6,5730,29.2,3.62,3203,2,,3427,17.4,2.17,2652,1.7,,481,2.4,0.3,434,0.3,34,0.02,2,0,32,0.12,
Female,2015-2016,EOY,41392,23121,15770,2501,20007,48.3,11954,28.9,8.63,5757,4.2,,8053,19.5,5.81,5277,3.8,,1125,2.7,0.81,963,0.7,114,0.08,7,0.01,107,0.5,
Female,2016-2017,S1,16947,11179,4927,841,5713,33.7,3372,19.9,2.18,2340,1.5,,2341,13.8,1.51,1868,1.2,,421,2.5,0.27,389,0.3,29,0.02,10,0.01,19,0.08,
Female,2016-2017,EOY,33688,21207,10569,1912,13030,38.7,7170,21.3,5.23,4415,3.2,,5860,17.4,4.27,4069,3,,906,2.7,0.66,788,0.6,58,0.04,20,0.01,38,0.18,
Female,2017-2018,S1,16790,11519,4385,886,5421,32.3,3257,19.4,2.21,2276,1.5,,2164,12.9,1.47,1769,1.2,,369,2.2,0.25,340,0.2,17,0.01,2,0,15,0.07,
Female,2017-2018,EOY,33675,22647,9126,1902,11611,34.5,7016,20.8,6.13,4328,3.8,,4595,13.6,4.01,3377,3,,786,2.3,0.69,689,0.6,70,0.06,17,0.01,53,0.27,
Female,2018-2019,S1,12607,7416,4110,1081,5384,42.7,3603,28.6,2.5,2372,1.6,,1781,14.1,1.23,1510,1,,368,2.9,0.25,325,0.2,20,0.01,,,20,0.08,
Female,2018-2019,EOY,25457,14039,8989,2429,11645,45.7,7726,30.3,6.75,4275,3.7,,3919,15.4,3.42,2970,2.6,,597,2.3,0.52,525,0.5,46,0.04,6,0.01,38,0.18,
Female,2019-2020,S1,12062,7485,4024,553,3437,28.5,2185,18.1,1.68,1602,1.2,,1252,10.4,0.96,1050,0.8,,338,2.8,0.26,318,0.2,15,0.01,,,15,0.06,
Female,2019-2020,EOY,17653,10487,6270,896,5280,29.9,3143,17.8,2.96,2198,2.1,,2137,12.1,2.01,1712,1.6,,561,3.2,0.53,506,0.5,26,0.02,1,0,25,0.14,
Female,2020-2021,S1,704,417,267,20,5,0.7,,,,,,,5,0.7,0,5,0,,5,0.7,0,5,0,,,,,,,
Female,2020-2021,EOY,1324,783,497,44,17,1.3,,,,,,,17,1.3,0.02,14,0,,19,1.4,0.02,15,0,1,0,,,1,0,
Female,2021-2022,S1,11187,6847,3632,708,2294,20.5,778,7,0.74,678,0.6,,1516,13.6,1.44,1257,1.2,,259,2.3,0.25,239,0.2,5,0,5,0,,,
Female,2021-2022,EOY,29507,18841,8864,1802,6444,21.8,2298,7.8,2.52,1775,1.9,,4146,14.1,4.54,2911,3.2,,575,1.9,0.63,524,0.6,24,0.02,13,0.01,11,0.06,
Non-Binary Gender,2013-2014,EOY,1,1,,,,,,,,,,,,,,,,,,,,,,,,,,,,
Non-Binary Gender,2014-2015,S1,6,3,3,,,,,,,,,,,,,,,,,,,,,,,,,,,
Non-Binary Gender,2014-2015,EOY,13,9,4,,1,7.7,,,,,,,1,7.7,0.68,1,0.7,,,,,,,,,,,,,
Non-Binary Gender,2015-2016,S1,2,1,1,,,,,,,,,,,,,,,,,,,,,,,,,,,
Non-Binary Gender,2015-2016,EOY,4,2,2,,1,25,1,25,0.73,1,0.7,,,,,,,,,,,,,,,,,,,
Non-Binary Gender,2016-2017,EOY,1,1,,,,,,,,,,,,,,,,,,,,,,,,,,,,
Non-Binary Gender,2017-2018,S1,3,2,1,,1,33.3,,,,,,,1,33.3,0.61,1,0.6,,,,,,,,,,,,,
Non-Binary Gender,2017-2018,EOY,17,7,6,4,9,52.9,5,29.4,3.06,2,1.2,,4,23.5,2.45,1,0.6,,,,,,,,,,,,,
Non-Binary Gender,2018-2019,S1,7,1,6,,5,71.4,1,14.3,0.57,1,0.6,,4,57.1,2.29,2,1.1,,1,14.3,0.57,1,0.6,,,,,,,
Non-Binary Gender,2018-2019,EOY,10,1,7,2,7,70,1,10,0.6,1,0.6,,6,60,3.59,4,2.4,,2,20,1.2,2,1.2,,,,,,,
Non-Binary Gender,2019-2020,S1,14,9,5,,3,21.4,1,7.1,0.62,1,0.6,,2,14.3,1.25,2,1.2,,,,,,,,,,,,,
Non-Binary Gender,2019-2020,EOY,18,12,6,,4,22.2,1,5.6,0.61,1,0.6,,3,16.7,1.83,3,1.8,,,,,,,,,,,,,
Non-Binary Gender,2021-2022,S1,23,13,10,,3,13,,,,,,,3,13,1.71,2,1.1,,,,,,,,,,,,,
Non-Binary Gender,2021-2022,EOY,43,25,17,1,9,20.9,2,4.7,1.14,2,1.1,,7,16.3,3.98,5,2.8,,,,,,,,,,,,,
Students With IEPs,2013-2014,S1,16105,7830,7110,1165,11688,72.6,4993,31,11.36,2448,5.6,,6695,41.6,15.23,4167,9.5,,619,3.8,1.41,515,1.2,40,0.08,13,0.03,27,0.42,
Students With IEPs,2013-2014,EOY,29816,14006,13527,2283,21160,71,9015,30.2,21.81,3611,8.7,,12145,40.7,29.38,6194,15,,1238,4.2,2.99,937,2.3,110,0.27,40,0.1,70,1.34,
Students With IEPs,2014-2015,S1,14368,8188,5333,847,6217,43.3,3860,26.9,9.02,1945,4.5,,2357,16.4,5.51,1629,3.8,,492,3.4,1.15,401,0.9,33,0.07,8,0.02,25,0.38,
Students With IEPs,2014-2015,EOY,31242,16826,12535,1881,14505,46.4,8743,28,21.55,3369,8.3,,5762,18.4,14.2,3224,7.9,,1099,3.5,2.71,785,1.9,91,0.24,27,0.07,64,1.18,
Students With IEPs,2015-2016,S1,17196,9448,6721,1027,7431,43.2,4498,26.2,9.75,2029,4.4,,2933,17.1,6.36,1988,4.3,,524,3,1.14,428,0.9,38,0.07,11,0.02,27,0.36,
Students With IEPs,2015-2016,EOY,33197,18123,12993,2081,15077,45.4,8780,26.4,21.67,3365,8.3,,6297,19,15.54,3554,8.8,,1018,3.1,2.51,753,1.9,90,0.22,31,0.08,59,0.94,
Students With IEPs,2016-2017,S1,14705,8871,5013,821,5012,34.1,2920,19.9,6.48,1669,3.7,,2092,14.2,4.64,1457,3.2,,425,2.9,0.94,360,0.8,29,0.06,14,0.03,15,0.2,
Students With IEPs,2016-2017,EOY,27600,16094,9856,1650,10494,38,5806,21,14.57,2878,7.2,,4688,17,11.77,2735,6.9,,851,3.1,2.14,657,1.6,74,0.19,31,0.08,43,0.69,
Students With IEPs,2017-2018,S1,13960,8762,4381,817,4532,32.5,2594,18.6,5.99,1568,3.6,,1938,13.9,4.47,1383,3.2,,423,3,0.98,346,0.8,10,0.02,4,0.01,6,0.09,
Students With IEPs,2017-2018,EOY,26549,16191,8739,1619,9552,36,5544,20.9,16.48,2760,8.2,,4008,15.1,11.92,2435,7.2,,800,3,2.38,632,1.9,40,0.11,16,0.05,24,0.39,
Students With IEPs,2018-2019,S1,12554,7444,4039,1071,4319,34.4,2710,21.6,6.13,1610,3.6,,1609,12.8,3.64,1150,2.6,,374,3,0.85,314,0.7,17,0.03,,,17,0.22,
Students With IEPs,2018-2019,EOY,23052,12773,8127,2152,8851,38.4,5417,23.5,15.97,2664,7.9,,3434,14.9,10.13,2061,6.1,,613,2.7,1.81,497,1.5,45,0.12,6,0.02,39,0.6,
Students With IEPs,2019-2020,S1,8031,3876,3528,627,2686,33.4,1544,19.2,3.79,1060,2.6,,1142,14.2,2.81,849,2.1,,340,4.2,0.84,287,0.7,14,0.03,1,0,13,0.17,
Students With IEPs,2019-2020,EOY,11782,5513,5327,942,4079,34.6,2280,19.4,6.84,1463,4.4,,1799,15.3,5.4,1254,3.8,,512,4.3,1.54,418,1.3,25,0.07,4,0.01,21,0.38,
Students With IEPs,2020-2021,S1,503,298,180,25,6,1.2,,,,,,,6,1.2,0.02,6,0,,4,0.8,0.01,4,0,1,0,,,1,0.01,
Students With IEPs,2020-2021,EOY,1104,645,400,59,20,1.8,,,,,,,20,1.8,0.06,18,0.1,,21,1.9,0.07,20,0.1,1,0,,,1,0.02,
Students With IEPs,2021-2022,S1,6961,3614,2715,632,1567,22.5,521,7.5,1.47,416,1.2,,1046,15,2.96,795,2.2,,165,2.4,0.47,147,0.4,11,0.03,2,0.01,9,0.14,
Students With IEPs,2021-2022,EOY,16651,8835,6432,1384,4158,25,1529,9.2,4.97,1067,3.5,,2629,15.8,8.54,1673,5.4,,347,2.1,1.13,296,1,33,0.09,8,0.03,25,0.39,
English Language Learners,2013-2014,S1,3971,2384,1401,186,2603,65.6,1486,37.4,2.54,786,1.3,,1117,28.1,1.91,793,1.4,,101,2.5,0.17,86,0.1,7,0.01,3,0.01,4,0.08,
English Language Learners,2013-2014,EOY,7522,4127,2963,432,4830,64.2,2515,33.4,4.56,1274,2.3,,2315,30.8,4.2,1421,2.6,,228,3,0.41,183,0.3,17,0.03,5,0.01,12,0.27,
English Language Learners,2014-2015,S1,3815,2536,1083,196,1457,38.2,975,25.6,1.59,547,0.9,,482,12.6,0.79,373,0.6,,115,3,0.19,105,0.2,4,0.01,,,4,0.07,
English Language Learners,2014-2015,EOY,8480,5337,2736,407,3400,40.1,2217,26.1,3.84,1047,1.8,,1183,14,2.05,780,1.4,,222,2.6,0.38,184,0.3,17,0.03,5,0.01,12,0.23,
English Language Learners,2015-2016,S1,4123,2669,1231,223,1425,34.6,893,21.7,1.46,573,0.9,,532,12.9,0.87,389,0.6,,95,2.3,0.16,81,0.1,5,0.01,,,5,0.08,
English Language Learners,2015-2016,EOY,8503,5470,2578,455,3155,37.1,1961,23.1,3.62,1061,2,,1194,14,2.2,796,1.5,,186,2.2,0.34,151,0.3,16,0.03,5,0.01,11,0.19,
English Language Learners,2016-2017,S1,3893,2747,988,158,1033,26.5,693,17.8,1.19,457,0.8,,340,8.7,0.58,276,0.5,,60,1.5,0.1,54,0.1,4,0.01,2,0,2,0.03,
English Language Learners,2016-2017,EOY,7974,5488,2129,357,2455,30.8,1640,20.6,3.14,995,1.9,,815,10.2,1.56,590,1.1,,126,1.6,0.24,108,0.2,7,0.01,4,0.01,3,0.05,
English Language Learners,2017-2018,S1,4829,3435,1142,252,1239,25.7,815,16.9,1.39,607,1,,424,8.8,0.72,337,0.6,,82,1.7,0.14,65,0.1,6,0.01,2,0,4,0.06,
English Language Learners,2017-2018,EOY,9486,6639,2372,475,2929,30.9,2016,21.3,4.41,1218,2.7,,913,9.6,2,660,1.4,,164,1.7,0.36,135,0.3,16,0.03,5,0.01,11,0.18,
English Language Learners,2018-2019,S1,3834,2512,1063,259,1179,30.8,883,23,1.6,632,1.1,,296,7.7,0.54,232,0.4,,65,1.7,0.12,62,0.1,,,,,,,
English Language Learners,2018-2019,EOY,7370,4491,2224,655,2649,35.9,1922,26.1,4.36,1155,2.6,,727,9.9,1.65,512,1.2,,110,1.5,0.25,103,0.2,5,0.01,4,0.01,1,0.02,
English Language Learners,2019-2020,S1,2780,1632,1002,146,824,29.6,528,19,1.05,402,0.8,,296,10.6,0.59,247,0.5,,71,2.6,0.14,67,0.1,4,0.01,1,0,3,0.04,
English Language Learners,2019-2020,EOY,4324,2410,1674,240,1351,31.2,873,20.2,2.12,618,1.5,,478,11.1,1.16,368,0.9,,114,2.6,0.28,106,0.3,7,0.02,2,0,5,0.09,
English Language Learners,2020-2021,S1,257,148,105,4,1,0.4,,,,,,,1,0.4,0,1,0,,1,0.4,0,1,0,1,0,,,1,0.01,
English Language Learners,2020-2021,EOY,554,369,171,14,4,0.7,,,,,,,4,0.7,0.01,3,0,,10,1.8,0.03,7,0,1,0,,,1,0.01,
English Language Learners,2021-2022,S1,2619,1419,1008,192,521,19.9,215,8.2,0.49,194,0.4,,306,11.7,0.7,243,0.6,,55,2.1,0.13,48,0.1,2,0,,,2,0.02,
English Language Learners,2021-2022,EOY,7768,4539,2739,490,1726,22.2,850,10.9,2.2,636,1.6,,876,11.3,2.27,611,1.6,,114,1.5,0.29,102,0.3,3,0.01,,,3,0.04,
White,2013-2014,S1,1770,929,718,123,1086,61.4,530,29.9,1.58,354,1.1,,556,31.4,1.66,428,1.3,,68,3.8,0.2,64,0.2,3,0.01,,,3,0.34,
White,2013-2014,EOY,3613,1809,1522,282,2255,62.4,1101,30.5,3.51,658,2.1,,1154,31.9,3.68,777,2.5,,140,3.9,0.45,124,0.4,4,0.01,,,4,0.53,
White,2014-2015,S1,2172,1475,622,75,689,31.7,462,21.3,1.33,312,0.9,,227,10.5,0.66,182,0.5,,66,3,0.19,61,0.2,,,,,,,
White,2014-2015,EOY,5316,3250,1878,188,1896,35.7,1259,23.7,3.72,740,2.2,,637,12,1.88,423,1.3,,135,2.5,0.4,117,0.3,,,,,,,
White,2015-2016,S1,2281,1336,821,124,668,29.3,369,16.2,1.02,278,0.8,,299,13.1,0.83,227,0.6,,43,1.9,0.12,40,0.1,1,0,,,1,0.12,
White,2015-2016,EOY,4632,2503,1864,265,1493,32.2,817,17.6,2.57,551,1.7,,676,14.6,2.12,476,1.5,,103,2.2,0.32,95,0.3,2,0.01,,,2,0.27,
White,2016-2017,S1,2111,1392,585,134,513,24.3,309,14.6,0.86,241,0.7,,204,9.7,0.57,162,0.4,,59,2.8,0.16,51,0.1,,,,,,,
White,2016-2017,EOY,4606,2969,1380,257,1282,27.8,801,17.4,2.51,567,1.8,,481,10.4,1.51,340,1.1,,114,2.5,0.36,97,0.3,2,0.01,1,0,1,0.13,
White,2017-2018,S1,2691,1820,744,127,527,19.6,328,12.2,0.93,267,0.8,,199,7.4,0.56,165,0.5,,62,2.3,0.17,56,0.2,3,0.01,2,0.01,1,0.14,
White,2017-2018,EOY,5264,3597,1385,282,1224,23.3,803,15.3,2.88,541,1.9,,421,8,1.51,324,1.2,,120,2.3,0.43,110,0.4,4,0.02,2,0.01,2,0.29,
White,2018-2019,S1,2400,1602,625,173,457,19,324,13.5,0.89,250,0.7,,133,5.5,0.37,114,0.3,,33,1.4,0.09,33,0.1,,,,,,,
White,2018-2019,EOY,4611,2908,1327,376,1125,24.4,824,17.9,2.72,555,1.8,,301,6.5,0.99,233,0.8,,63,1.4,0.21,61,0.2,3,0.01,1,0,2,0.31,
White,2019-2020,S1,2082,1239,770,73,399,19.2,267,12.8,0.79,226,0.7,,132,6.3,0.39,108,0.3,,39,1.9,0.11,34,0.1,,,,,,,
White,2019-2020,EOY,3110,1754,1235,121,595,19.1,397,12.8,1.44,320,1.2,,198,6.4,0.72,156,0.6,,67,2.2,0.24,55,0.2,,,,,,,
White,2020-2021,S1,187,111,71,5,2,1.1,,,,,,,2,1.1,0.01,2,0,,,,,,,,,,,,,
White,2020-2021,EOY,409,242,149,18,5,1.2,,,,,,,5,1.2,0.02,5,0,,9,2.2,0.04,9,0,,,,,,,
White,2021-2022,S1,1523,888,572,63,227,14.9,132,8.7,0.48,118,0.4,,95,6.2,0.34,77,0.3,,14,0.9,0.05,14,0.1,,,,,,,
White,2021-2022,EOY,3683,2204,1323,156,612,16.6,339,9.2,1.42,282,1.2,,273,7.4,1.14,192,0.8,,43,1.2,0.18,41,0.2,1,0,,,1,0.18,
African American,2013-2014,S1,40995,19513,18655,2827,31636,77.2,12536,30.6,10.68,6791,5.8,,19100,46.6,16.27,11884,10.1,,1411,3.4,1.2,1221,1,150,0.1,46,0.04,104,0.38,
African American,2013-2014,EOY,80932,37291,37917,5724,61770,76.3,24649,30.5,22.36,10544,9.6,,37121,45.9,33.67,18718,17,,2805,3.5,2.54,2272,2.1,384,0.33,151,0.14,233,1.04,
African American,2014-2015,S1,40056,22639,15024,2393,19542,48.8,12338,30.8,10.69,6368,5.5,,7204,18,6.24,4966,4.3,,1267,3.2,1.1,1085,0.9,114,0.08,16,0.01,98,0.34,
African American,2014-2015,EOY,85533,45961,34087,5485,43165,50.5,25829,30.2,24.07,10319,9.6,,17336,20.3,16.16,9887,9.2,,2786,3.3,2.6,2191,2,347,0.32,86,0.08,261,1.13,
African American,2015-2016,S1,39324,21030,15883,2411,19446,49.5,12240,31.1,10.76,5740,5,,7206,18.3,6.33,5154,4.5,,1023,2.6,0.9,864,0.8,102,0.07,23,0.02,79,0.27,
African American,2015-2016,EOY,78224,41739,31394,5091,40698,52,24308,31.1,24.43,9627,9.7,,16390,21,16.47,9657,9.7,,2167,2.8,2.18,1693,1.7,274,0.25,52,0.05,222,0.91,
African American,2016-2017,S1,28560,16283,10459,1818,11853,41.5,6823,23.9,6.31,4209,3.9,,5030,17.6,4.65,3728,3.4,,913,3.2,0.84,800,0.7,95,0.08,37,0.03,58,0.21,
African American,2016-2017,EOY,55031,29851,21465,3715,25195,45.8,13251,24.1,13.86,7093,7.4,,11944,21.7,12.49,7441,7.8,,1832,3.3,1.92,1470,1.5,205,0.2,81,0.08,124,0.55,
African American,2017-2018,S1,24790,14570,8623,1597,10128,40.9,5868,23.7,5.82,3647,3.6,,4260,17.2,4.22,3250,3.2,,727,2.9,0.72,639,0.6,44,0.04,6,0.01,38,0.16,
African American,2017-2018,EOY,49011,27792,17788,3431,21203,43.3,12033,24.6,15.38,6490,8.3,,9170,18.7,11.72,6051,7.7,,1483,3,1.9,1231,1.6,141,0.15,28,0.04,113,0.53,
African American,2018-2019,S1,21767,12252,7592,1923,9413,43.2,6008,27.6,6.16,3594,3.7,,3405,15.6,3.49,2648,2.7,,592,2.7,0.61,511,0.5,57,0.05,,,57,0.22,
African American,2018-2019,EOY,43206,22468,16671,4067,20169,46.7,12718,29.4,16.98,6177,8.2,,7451,17.2,9.95,5046,6.7,,1032,2.4,1.38,871,1.2,139,0.15,19,0.03,118,0.54,
African American,2019-2020,S1,18156,9531,7344,1281,6010,33.1,3688,20.3,4.21,2507,2.9,,2322,12.8,2.65,1843,2.1,,618,3.4,0.71,553,0.6,27,0.02,1,0,26,0.1,
African American,2019-2020,EOY,26592,13510,11081,2001,9092,34.2,5187,19.5,7.24,3327,4.6,,3905,14.7,5.45,2912,4.1,,965,3.6,1.35,842,1.2,59,0.07,13,0.02,46,0.25,
African American,2020-2021,S1,958,597,314,47,7,0.7,1,0.1,0,1,0,,6,0.6,0.01,6,0,,10,1,0.01,10,0,2,0,,,2,0.01,
African American,2020-2021,EOY,1900,1147,668,85,23,1.2,1,0.1,0,1,0,,22,1.2,0.03,21,0,,27,1.4,0.04,26,0,4,0,,,4,0.02,
African American,2021-2022,S1,16735,9496,5875,1364,3581,21.4,1084,6.5,1.55,870,1.2,,2497,14.9,3.57,2023,2.9,,380,2.3,0.54,348,0.5,25,0.03,10,0.01,15,0.07,
African American,2021-2022,EOY,40817,23308,14196,3313,9874,24.2,3076,7.5,5.08,2243,3.7,,6798,16.7,11.23,4540,7.5,,855,2.1,1.41,768,1.3,96,0.12,29,0.05,67,0.32,
Native American / Alaskan,2013-2014,S1,159,101,51,7,121,76.1,75,47.2,7.2,34,3.3,,46,28.9,4.41,30,2.9,,3,1.9,0.29,3,0.3,,,,,,,
Native American / Alaskan,2013-2014,EOY,303,185,106,12,216,71.3,121,39.9,12.22,48,4.8,,95,31.4,9.6,55,5.6,,11,3.6,1.11,11,1.1,1,0.1,,,1,1.08,
Native American / Alaskan,2014-2015,S1,175,116,51,8,73,41.7,51,29.1,5.55,25,2.7,,22,12.6,2.39,18,2,,10,5.7,1.09,9,1,,,,,,,
Native American / Alaskan,2014-2015,EOY,350,214,120,16,179,51.1,120,34.3,13.41,43,4.8,,59,16.9,6.6,38,4.2,,16,4.6,1.79,14,1.6,1,0.12,,,1,1.05,
Native American / Alaskan,2015-2016,S1,149,106,38,5,68,45.6,43,28.9,5.52,25,3.2,,25,16.8,3.21,17,2.2,,1,0.7,0.13,1,0.1,,,,,,,
Native American / Alaskan,2015-2016,EOY,314,216,88,10,139,44.3,95,30.3,13.91,45,6.6,,44,14,6.44,27,4,,2,0.6,0.29,2,0.3,,,,,,,
Native American / Alaskan,2016-2017,S1,176,121,47,8,45,25.6,26,14.8,2.6,19,1.9,,19,10.8,1.9,15,1.5,,2,1.1,0.2,2,0.2,,,,,,,
Native American / Alaskan,2016-2017,EOY,330,216,94,20,111,33.6,68,20.6,7.7,39,4.4,,43,13,4.87,32,3.6,,9,2.7,1.02,9,1,,,,,,,
Native American / Alaskan,2017-2018,S1,186,136,41,9,40,21.5,26,14,2.74,25,2.6,,14,7.5,1.47,12,1.3,,1,0.5,0.11,1,0.1,,,,,,,
Native American / Alaskan,2017-2018,EOY,355,255,77,23,92,25.9,52,14.6,6.99,39,5.2,,40,11.3,5.38,27,3.6,,4,1.1,0.54,4,0.5,,,,,,,
Native American / Alaskan,2018-2019,S1,115,77,27,11,37,32.2,26,22.6,2.94,19,2.2,,11,9.6,1.25,8,0.9,,2,1.7,0.23,2,0.2,,,,,,,
Native American / Alaskan,2018-2019,EOY,205,128,52,25,78,38,54,26.3,7.6,31,4.4,,24,11.7,3.38,20,2.8,,9,4.4,1.27,9,1.3,,,,,,,
Native American / Alaskan,2019-2020,S1,80,47,28,5,18,22.5,11,13.8,1.33,9,1.1,,7,8.8,0.85,5,0.6,,,,,,,,,,,,,
Native American / Alaskan,2019-2020,EOY,125,66,53,6,27,21.6,15,12,2.12,11,1.6,,12,9.6,1.7,10,1.4,,,,,,,,,,,,,
Native American / Alaskan,2020-2021,S1,3,2,1,,,,,,,,,,,,,,,,,,,,,,,,,,,
Native American / Alaskan,2020-2021,EOY,4,2,2,,,,,,,,,,,,,,,,,,,,,,,,,,,
Native American / Alaskan,2021-2022,S1,50,30,17,3,7,14,3,6,0.51,3,0.5,,4,8,0.68,4,0.7,,,,,,,,,,,,,
Native American / Alaskan,2021-2022,EOY,148,98,41,9,24,16.2,10,6.8,1.97,9,1.8,,14,9.5,2.76,12,2.4,,1,0.7,0.2,1,0.2,,,,,,,
Asian / Pacific Islander 7,2013-2014,EOY,1,0,1,0,1,100,0,0,0,0,0,,1,100,8.23,1,8.2,,0,0,0,0,0,0,0,0,0,0,0,
Asian / Pacific Islander 7,2017-2018,S1,1,1,0,0,0,0,0,0,0,0,0,,0,0,0,0,0,,0,0,0,0,0,0,0,0,0,0,0,
Asian / Pacific Islander 7,2017-2018,EOY,2,1,0,1,1,50,0,0,0,0,0,,1,50,6.49,1,6.5,,0,0,0,0,0,0,0,0,0,0,0,
Asian / Pacific Islander 7,2018-2019,S1,1,1,0,0,0,0,0,0,0,0,0,,0,0,0,0,0,,0,0,0,0,0,0,0,0,0,0,0,
Asian / Pacific Islander 7,2018-2019,EOY,1,1,0,0,0,0,0,0,0,0,0,,0,0,0,0,0,,0,0,0,0,0,0,0,0,0,0,0,
Hispanic,2013-2014,S1,17945,10540,6410,995,12119,67.5,6822,38,4.6,3901,2.6,,5297,29.5,3.57,3715,2.5,,630,3.5,0.42,549,0.4,51,0.03,24,0.02,27,0.15,
Hispanic,2013-2014,EOY,34156,18833,13120,2203,22575,66.1,11695,34.2,8.39,6055,4.3,,10880,31.9,7.8,6567,4.7,,1309,3.8,0.94,1074,0.8,103,0.08,32,0.02,71,0.47,
Hispanic,2014-2015,S1,16561,10680,4931,950,6928,41.8,4595,27.7,3.06,2655,1.8,,2333,14.1,1.56,1751,1.2,,584,3.5,0.39,488,0.3,24,0.01,4,0,20,0.1,
Hispanic,2014-2015,EOY,39018,24014,12886,2118,16879,43.3,10863,27.8,7.76,5173,3.7,,6016,15.4,4.3,3813,2.7,,1201,3.1,0.86,969,0.7,80,0.06,24,0.02,56,0.35,
Hispanic,2015-2016,S1,17542,11225,5242,1075,6474,36.9,3929,22.4,2.6,2473,1.6,,2545,14.5,1.68,1873,1.2,,455,2.6,0.3,413,0.3,35,0.02,11,0.01,24,0.12,
Hispanic,2015-2016,EOY,37289,22965,12066,2258,14373,38.5,8578,23,6.46,4728,3.6,,5795,15.5,4.36,3718,2.8,,915,2.5,0.69,792,0.6,81,0.06,23,0.02,58,0.33,
Hispanic,2016-2017,S1,19621,14545,4143,933,4756,24.2,3055,15.6,2.05,2050,1.4,,1701,8.7,1.14,1351,0.9,,324,1.7,0.22,293,0.2,22,0.01,9,0.01,13,0.06,
Hispanic,2016-2017,EOY,38822,27982,8877,1963,11055,28.5,7118,18.3,5.38,4291,3.2,,3937,10.1,2.98,2806,2.1,,675,1.7,0.51,592,0.4,50,0.04,20,0.02,30,0.17,
Hispanic,2017-2018,S1,20890,15715,4035,1140,4798,23,3109,14.9,2.18,2316,1.6,,1689,8.1,1.18,1373,1,,343,1.6,0.24,299,0.2,15,0.01,5,0,10,0.05,
Hispanic,2017-2018,EOY,41115,30480,8407,2228,11084,27,7401,18,6.69,4568,4.1,,3683,9,3.33,2663,2.4,,684,1.7,0.62,597,0.5,50,0.04,19,0.02,31,0.18,
Hispanic,2018-2019,S1,14201,8898,3786,1517,5096,35.9,3479,24.5,2.5,2472,1.8,,1617,11.4,1.16,1284,0.9,,406,2.9,0.29,341,0.2,8,0.01,,,8,0.04,
Hispanic,2018-2019,EOY,27180,16134,7842,3204,10835,39.9,7230,26.6,6.56,4449,4,,3605,13.3,3.27,2559,2.3,,621,2.3,0.56,518,0.5,26,0.02,6,0.01,20,0.11,
Hispanic,2019-2020,S1,11885,7577,3771,537,3196,26.9,2091,17.6,1.69,1592,1.3,,1105,9.3,0.89,925,0.7,,346,2.9,0.28,312,0.3,7,0.01,1,0,6,0.03,
Hispanic,2019-2020,EOY,17416,10514,6047,855,5090,29.2,3278,18.8,3.25,2358,2.3,,1812,10.4,1.8,1423,1.4,,533,3.1,0.53,475,0.5,13,0.01,3,0,10,0.06,
Hispanic,2020-2021,S1,790,440,319,31,6,0.8,,,,,,,6,0.8,0.01,6,0,,7,0.9,0.01,7,0,,,,,,,
Hispanic,2020-2021,EOY,1474,896,530,48,15,1,,,,,,,15,1,0.02,13,0,,16,1.1,0.02,16,0,,,,,,,
Hispanic,2021-2022,S1,9111,5358,3214,539,1797,19.7,744,8.2,0.74,640,0.6,,1053,11.6,1.05,807,0.8,,151,1.7,0.15,139,0.1,8,0.01,1,0,7,0.03,
Hispanic,2021-2022,EOY,25998,16609,8061,1328,5373,20.7,2579,9.9,2.97,1926,2.2,,2794,10.7,3.21,1926,2.2,,330,1.3,0.38,305,0.4,15,0.01,4,0,11,0.06,
Multiracial,2013-2014,S1,395,192,178,25,253,64.1,117,29.6,3.23,84,2.3,,136,34.4,3.75,96,2.7,,16,4.1,0.44,14,0.4,,,,,,,
Multiracial,2013-2014,EOY,758,351,355,52,489,64.5,230,30.3,6.76,129,3.8,,259,34.2,7.61,163,4.8,,38,5,1.12,31,0.9,1,0.03,,,1,0.39,
Multiracial,2014-2015,S1,578,355,192,31,206,35.6,114,19.7,3.1,72,2,,92,15.9,2.51,57,1.6,,20,3.5,0.54,17,0.5,,,,,,,
Multiracial,2014-2015,EOY,1182,688,428,66,480,40.6,278,23.5,7.99,137,3.9,,202,17.1,5.81,117,3.4,,53,4.5,1.52,38,1.1,2,0.06,1,0.03,1,0.4,
Multiracial,2015-2016,S1,401,246,123,32,157,39.2,97,24.2,2.56,60,1.6,,60,15,1.59,47,1.2,,17,4.2,0.45,12,0.3,,,,,,,
Multiracial,2015-2016,EOY,876,524,293,59,357,40.8,213,24.3,6.38,104,3.1,,144,16.4,4.31,98,2.9,,31,3.5,0.93,24,0.7,1,0.03,,,1,0.4,
Multiracial,2016-2017,S1,377,224,133,20,127,33.7,63,16.7,1.67,48,1.3,,64,17,1.7,45,1.2,,13,3.4,0.35,12,0.3,,,,,,,
Multiracial,2016-2017,EOY,796,503,255,38,254,31.9,132,16.6,3.96,87,2.6,,122,15.3,3.66,73,2.2,,21,2.6,0.63,20,0.6,,,,,,,
Multiracial,2017-2018,S1,467,366,81,20,94,20.1,52,11.1,1.39,38,1,,42,9,1.12,33,0.9,,14,3,0.37,12,0.3,,,,,,,
Multiracial,2017-2018,EOY,871,614,205,52,230,26.4,127,14.6,4.33,82,2.8,,103,11.8,3.51,74,2.5,,34,3.9,1.16,28,1,3,0.1,3,0.1,,,
Multiracial,2018-2019,S1,425,283,116,26,116,27.3,65,15.3,1.64,47,1.2,,51,12,1.28,39,1,,11,2.6,0.28,8,0.2,,,,,,,
Multiracial,2018-2019,EOY,764,486,217,61,228,29.8,133,17.4,4.18,84,2.6,,95,12.4,2.99,63,2,,14,1.8,0.44,10,0.3,,,,,,,
Multiracial,2019-2020,S1,246,148,84,14,61,24.8,41,16.7,1.09,32,0.9,,20,8.1,0.53,17,0.5,,8,3.3,0.21,8,0.2,,,,,,,
Multiracial,2019-2020,EOY,381,213,145,23,92,24.1,55,14.4,1.6,44,1.3,,37,9.7,1.08,27,0.8,,14,3.7,0.41,14,0.4,,,,,,,
Multiracial,2020-2021,S1,14,5,8,1,,,,,,,,,,,,,,,,,,,,,,,,,,
Multiracial,2020-2021,EOY,35,13,16,6,,,,,,,,,,,,,,,1,2.9,0.03,1,0,,,,,,,
Multiracial,2021-2022,S1,218,127,74,17,35,16.1,11,5,0.32,10,0.3,,24,11,0.71,16,0.5,,1,0.5,0.03,1,0,,,,,,,
Multiracial,2021-2022,EOY,588,354,200,34,108,18.4,51,8.7,1.73,39,1.3,,57,9.7,1.94,42,1.4,,5,0.9,0.17,5,0.2,1,0.03,,,1,0.52,
Asian,2013-2014,S1,367,216,129,22,220,59.9,132,36,1.04,90,0.7,,88,24,0.69,77,0.6,,15,4.1,0.12,13,0.1,1,0.01,,,1,0.2,
Asian,2013-2014,EOY,704,399,259,46,398,56.5,224,31.8,1.85,147,1.2,,174,24.7,1.44,139,1.1,,36,5.1,0.3,29,0.2,2,0.02,1,0.01,1,0.23,
Asian,2014-2015,S1,444,291,135,18,149,33.6,110,24.8,0.82,81,0.6,,39,8.8,0.29,37,0.3,,11,2.5,0.08,11,0.1,,,,,,,
Asian,2014-2015,EOY,1043,594,413,36,402,38.5,304,29.1,2.37,185,1.4,,98,9.4,0.76,74,0.6,,18,1.7,0.14,17,0.1,,,,,,,
Asian,2015-2016,S1,345,212,120,13,94,27.2,62,18,0.45,47,0.3,,32,9.3,0.23,26,0.2,,8,2.3,0.06,8,0.1,,,,,,,
Asian,2015-2016,EOY,669,382,250,37,228,34.1,146,21.8,1.19,106,0.9,,82,12.3,0.67,70,0.6,,33,4.9,0.27,29,0.2,,,,,,,
Asian,2016-2017,S1,328,200,110,18,85,25.9,65,19.8,0.46,54,0.4,,20,6.1,0.14,16,0.1,,13,4,0.09,12,0.1,,,,,,,
Asian,2016-2017,EOY,815,500,279,36,282,34.6,191,23.4,1.48,143,1.1,,91,11.2,0.7,69,0.5,,29,3.6,0.22,26,0.2,1,0.01,1,0.01,,,
Asian,2017-2018,S1,473,307,139,27,137,29,73,15.4,0.52,58,0.4,,64,13.5,0.46,53,0.4,,10,2.1,0.07,10,0.1,,,,,,,
Asian,2017-2018,EOY,970,620,291,59,298,30.7,169,17.4,1.53,110,1,,129,13.3,1.17,86,0.8,,26,2.7,0.24,22,0.2,,,,,,,
Asian,2018-2019,S1,472,288,146,38,137,29,83,17.6,0.59,68,0.5,,54,11.4,0.38,45,0.3,,9,1.9,0.06,9,0.1,,,,,,,
Asian,2018-2019,EOY,827,481,269,77,255,30.8,160,19.3,1.3,121,1,,95,11.5,0.77,74,0.6,,15,1.8,0.12,14,0.1,3,0.02,1,0.01,2,0.43,
Asian,2019-2020,S1,494,331,149,14,97,19.6,67,13.6,0.52,54,0.4,,30,6.1,0.23,25,0.2,,4,0.8,0.03,4,0,,,,,,,
Asian,2019-2020,EOY,711,469,220,22,136,19.1,88,12.4,0.74,70,0.6,,48,6.8,0.41,37,0.3,,7,1,0.06,7,0.1,,,,,,,
Asian,2020-2021,S1,41,17,22,2,1,2.4,,,,,,,1,2.4,0.01,1,0,,,,,,,,,,,,,
Asian,2020-2021,EOY,93,49,35,9,1,1.1,,,,,,,1,1.1,0.01,1,0,,4,4.3,0.04,1,0,,,,,,,
Asian,2021-2022,S1,368,273,82,13,36,9.8,17,4.6,0.16,16,0.1,,19,5.2,0.18,15,0.1,,5,1.4,0.05,5,0,,,,,,,
Asian,2021-2022,EOY,983,728,228,27,100,10.2,54,5.5,0.58,42,0.5,,46,4.7,0.5,34,0.4,,8,0.8,0.09,8,0.1,,,,,,,
Hawaiian / Pacific Islander,2013-2014,S1,15,7,6,2,10,66.7,7,46.7,1.24,4,0.7,,3,20,0.53,3,0.5,,,,,,,,,,,,,
Hawaiian / Pacific Islander,2013-2014,EOY,34,15,15,4,28,82.4,19,55.9,3.44,7,1.3,,9,26.5,1.63,7,1.3,,,,,,,,,,,,,
Hawaiian / Pacific Islander,2014-2015,S1,22,17,4,1,6,27.3,3,13.6,0.51,3,0.5,,3,13.6,0.51,3,0.5,,,,,,,,,,,,,
Hawaiian / Pacific Islander,2014-2015,EOY,54,36,14,4,20,37,12,22.2,2.09,9,1.6,,8,14.8,1.4,7,1.2,,,,,,,,,,,,,
Hawaiian / Pacific Islander,2015-2016,S1,40,26,13,1,16,40,7,17.5,1.22,7,1.2,,9,22.5,1.57,8,1.4,,,,,,,,,,,,,
Hawaiian / Pacific Islander,2015-2016,EOY,79,38,38,3,29,36.7,16,20.3,3.13,11,2.2,,13,16.5,2.54,10,2,,,,,,,,,,,,,
Hawaiian / Pacific Islander,2016-2017,S1,32,26,5,1,4,12.5,4,12.5,0.67,3,0.5,,,,,,,,1,3.1,0.17,1,0.2,,,,,,,
Hawaiian / Pacific Islander,2016-2017,EOY,68,51,16,1,14,20.6,13,19.1,2.37,7,1.3,,1,1.5,0.18,1,0.2,,1,1.5,0.18,1,0.2,,,,,,,
Hawaiian / Pacific Islander,2017-2018,S1,81,59,19,3,18,22.2,14,17.3,2.43,8,1.4,,4,4.9,0.69,4,0.7,,1,1.2,0.17,1,0.2,,,,,,,
Hawaiian / Pacific Islander,2017-2018,EOY,123,84,33,6,34,27.6,20,16.3,3.76,13,2.4,,14,11.4,2.63,11,2.1,,2,1.6,0.38,2,0.4,,,,,,,
Hawaiian / Pacific Islander,2018-2019,S1,66,51,9,6,21,31.8,14,21.2,2.5,9,1.6,,7,10.6,1.25,6,1.1,,,,,,,,,,,,,
Hawaiian / Pacific Islander,2018-2019,EOY,94,69,17,8,27,28.7,18,19.1,3.74,12,2.5,,9,9.6,1.87,6,1.2,,2,2.1,0.42,2,0.4,,,,,,,
Hawaiian / Pacific Islander,2019-2020,S1,25,15,9,1,4,16,,,,,,,4,16,0.79,3,0.6,,,,,,,,,,,,,
Hawaiian / Pacific Islander,2019-2020,EOY,32,19,12,1,6,18.8,1,3.1,0.23,1,0.2,,5,15.6,1.16,4,0.9,,,,,,,,,,,,,
Hawaiian / Pacific Islander,2020-2021,S1,3,1,2,,,,,,,,,,,,,,,,,,,,,,,,,,,
Hawaiian / Pacific Islander,2020-2021,EOY,7,1,6,,,,,,,,,,,,,,,,,,,,,,,,,,,
Hawaiian / Pacific Islander,2021-2022,S1,38,31,5,2,2,5.3,1,2.6,0.29,1,0.3,,1,2.6,0.29,1,0.3,,,,,,,,,,,,,
Hawaiian / Pacific Islander,2021-2022,EOY,78,64,10,4,6,7.7,4,5.1,1.33,4,1.3,,2,2.6,0.66,2,0.7,,2,2.6,0.66,2,0.7,,,,,,,
Race Not Available,2013-2014,S1,15,7,6,2,10,66.7,7,46.7,2.14,5,1.5,,3,20,0.92,2,0.6,,,,,,,,,,,,,
Race Not Available,2013-2014,EOY,42,23,16,3,31,73.8,16,38.1,4.95,9,2.8,,15,35.7,4.65,9,2.8,,3,7.1,0.93,2,0.6,,,,,,,
Race Not Available,2014-2015,S1,18,4,12,2,8,44.4,2,11.1,0.55,2,0.6,,6,33.3,1.66,5,1.4,,,,,,,,,,,,,
Race Not Available,2014-2015,EOY,33,14,15,4,10,30.3,3,9.1,0.83,2,0.6,,7,21.2,1.93,5,1.4,,1,3,0.28,1,0.3,,,,,,,
Race Not Available,2015-2016,S1,11,6,4,1,1,9.1,,,,,,,1,9.1,0.21,1,0.2,,2,18.2,0.41,2,0.4,,,,,,,
Race Not Available,2015-2016,EOY,21,9,11,1,4,19,1,4.8,0.23,1,0.2,,3,14.3,0.69,3,0.7,,2,9.5,0.46,2,0.5,,,,,,,
Race Not Available,2016-2017,S1,8,2,5,1,1,12.5,,,,,,,1,12.5,0.46,1,0.5,,,,,,,,,,,,,
Race Not Available,2016-2017,EOY,21,6,13,2,6,28.6,,,,,,,6,28.6,3.07,4,2,,,,,,,,,,,,,
Race Not Available,2017-2018,S1,4,3,1,,,,,,,,,,,,,,,,,,,,,,,,,,,
Race Not Available,2017-2018,EOY,16,10,4,2,2,12.5,,,,,,,2,12.5,0.69,2,0.7,,1,6.3,0.35,1,0.3,,,,,,,
Race Not Available,2018-2019,S1,14,8,3,3,3,21.4,2,14.3,0.58,2,0.6,,1,7.1,0.29,1,0.3,,1,7.1,0.29,1,0.3,,,,,,,
Race Not Available,2018-2019,EOY,28,14,8,6,9,32.1,4,14.3,1.19,3,0.9,,5,17.9,1.49,3,0.9,,1,3.6,0.3,1,0.3,,,,,,,
Race Not Available,2019-2020,S1,34,20,10,4,9,26.5,3,8.8,0.15,3,0.2,,6,17.6,0.31,4,0.2,,,,,,,,,,,,,
Race Not Available,2019-2020,EOY,37,23,10,4,9,24.3,3,8.1,0.18,3,0.2,,6,16.2,0.35,4,0.2,,,,,,,,,,,,,
Race Not Available,2020-2021,S1,0,0,0,0,0,0,0,0,0,0,0,,0,0,0,0,0,,0,0,0,0,0,0,0,0,0,0,0,
Race Not Available,2020-2021,EOY,0,0,0,0,0,0,0,0,0,0,0,,0,0,0,0,0,,0,0,0,0,0,0,0,0,0,0,0,
Race Not Available,2021-2022,S1,24,11,11,2,4,16.7,4,16.7,0.35,4,0.4,,,,,,,,,,,,,,,,,,,
Race Not Available,2021-2022,EOY,53,22,26,5,10,18.9,5,9.4,0.46,4,0.4,,5,9.4,0.46,5,0.5,,1,1.9,0.09,1,0.1,,,,,,,
White Male,2013-2014,S1,1379,725,560,94,835,60.6,382,27.7,2.23,260,1.5,,453,32.8,2.64,338,2,,53,3.8,0.31,50,0.3,3,0.02,,,3,0.68,
White Male,2013-2014,EOY,2838,1433,1176,229,1744,61.5,823,29,5.11,488,3,,921,32.5,5.72,599,3.7,,115,4.1,0.71,102,0.6,4,0.03,,,4,1.05,
White Male,2014-2015,S1,1699,1147,493,59,546,32.1,364,21.4,2.06,238,1.3,,182,10.7,1.03,143,0.8,,54,3.2,0.3,50,0.3,,,,,,,
White Male,2014-2015,EOY,4150,2519,1492,139,1497,36.1,973,23.4,5.62,561,3.2,,524,12.6,3.03,334,1.9,,108,2.6,0.62,91,0.5,,,,,,,
White Male,2015-2016,S1,1843,1083,660,100,548,29.7,306,16.6,1.66,227,1.2,,242,13.1,1.31,180,1,,35,1.9,0.19,33,0.2,1,0.01,,,1,0.23,
White Male,2015-2016,EOY,3647,1993,1447,207,1179,32.3,645,17.7,3.97,422,2.6,,534,14.6,3.28,366,2.3,,70,1.9,0.43,65,0.4,2,0.01,,,2,0.53,
White Male,2016-2017,S1,1558,991,469,98,401,25.7,241,15.5,1.31,185,1,,160,10.3,0.87,125,0.7,,36,2.3,0.2,30,0.2,,,,,,,
White Male,2016-2017,EOY,3447,2125,1130,192,1010,29.3,618,17.9,3.78,428,2.6,,392,11.4,2.4,266,1.6,,81,2.3,0.5,67,0.4,2,0.01,1,0.01,1,0.25,
White Male,2017-2018,S1,2061,1365,599,97,412,20,259,12.6,1.43,208,1.1,,153,7.4,0.84,125,0.7,,50,2.4,0.28,46,0.3,3,0.02,2,0.01,1,0.27,
White Male,2017-2018,EOY,4010,2698,1100,212,954,23.8,629,15.7,4.42,414,2.9,,325,8.1,2.28,245,1.7,,96,2.4,0.67,88,0.6,4,0.03,2,0.01,2,0.58,
White Male,2018-2019,S1,1776,1168,481,127,311,17.5,212,11.9,1.14,178,1,,99,5.6,0.53,83,0.4,,21,1.2,0.11,21,0.1,,,,,,,
White Male,2018-2019,EOY,3465,2138,1043,284,820,23.7,586,16.9,3.77,413,2.7,,234,6.8,1.51,178,1.1,,44,1.3,0.28,42,0.3,2,0.01,,,2,0.58,
White Male,2019-2020,S1,1608,935,618,55,314,19.5,218,13.6,1.24,181,1,,96,6,0.54,78,0.4,,23,1.4,0.13,20,0.1,,,,,,,
White Male,2019-2020,EOY,2376,1308,975,93,463,19.5,314,13.2,2.19,249,1.7,,149,6.3,1.04,116,0.8,,41,1.7,0.29,34,0.2,,,,,,,
White Male,2020-2021,S1,136,86,45,5,2,1.5,,,,,,,2,1.5,0.01,2,0,,,,,,,,,,,,,
White Male,2020-2021,EOY,314,191,107,16,5,1.6,,,,,,,5,1.6,0.03,5,0,,8,2.5,0.06,8,0.1,,,,,,,
White Male,2021-2022,S1,1151,656,443,52,173,15,109,9.5,0.77,95,0.7,,64,5.6,0.45,52,0.4,,9,0.8,0.06,9,0.1,,,,,,,
White Male,2021-2022,EOY,2681,1544,1017,120,454,16.9,264,9.8,2.14,215,1.7,,190,7.1,1.54,136,1.1,,26,1,0.21,25,0.2,1,0.01,,,1,0.32,
White Female,2013-2014,S1,391,204,158,29,251,64.2,148,37.9,0.91,94,0.6,,103,26.3,0.63,90,0.6,,15,3.8,0.09,14,0.1,,,,,,,
White Female,2013-2014,EOY,775,376,346,53,511,65.9,278,35.9,1.81,170,1.1,,233,30.1,1.52,178,1.2,,25,3.2,0.16,22,0.1,,,,,,,
White Female,2014-2015,S1,470,326,128,16,143,30.4,98,20.9,0.57,74,0.4,,45,9.6,0.26,39,0.2,,12,2.6,0.07,11,0.1,,,,,,,
White Female,2014-2015,EOY,1163,729,385,49,399,34.3,286,24.6,1.7,179,1.1,,113,9.7,0.67,89,0.5,,27,2.3,0.16,26,0.2,,,,,,,
White Female,2015-2016,S1,437,253,160,24,120,27.5,63,14.4,0.36,51,0.3,,57,13,0.32,47,0.3,,8,1.8,0.05,7,0,,,,,,,
White Female,2015-2016,EOY,983,509,416,58,314,31.9,172,17.5,1.1,129,0.8,,142,14.4,0.91,110,0.7,,33,3.4,0.21,30,0.2,,,,,,,
White Female,2016-2017,S1,553,401,116,36,112,20.3,68,12.3,0.39,56,0.3,,44,8,0.25,37,0.2,,23,4.2,0.13,21,0.1,,,,,,,
White Female,2016-2017,EOY,1159,844,250,65,272,23.5,183,15.8,1.18,139,0.9,,89,7.7,0.57,74,0.5,,33,2.8,0.21,30,0.2,,,,,,,
White Female,2017-2018,S1,628,454,144,30,114,18.2,69,11,0.4,59,0.3,,45,7.2,0.26,39,0.2,,12,1.9,0.07,10,0.1,,,,,,,
White Female,2017-2018,EOY,1240,893,280,67,262,21.1,170,13.7,1.25,126,0.9,,92,7.4,0.68,78,0.6,,24,1.9,0.18,22,0.2,,,,,,,
White Female,2018-2019,S1,619,433,140,46,143,23.1,111,17.9,0.63,71,0.4,,32,5.2,0.18,30,0.2,,11,1.8,0.06,11,0.1,,,,,,,
White Female,2018-2019,EOY,1141,769,280,92,302,26.5,237,20.8,1.57,141,0.9,,65,5.7,0.43,54,0.4,,18,1.6,0.12,18,0.1,1,0.01,1,0.01,,,
White Female,2019-2020,S1,473,304,151,18,84,17.8,49,10.4,0.3,45,0.3,,35,7.4,0.21,29,0.2,,16,3.4,0.1,14,0.1,,,,,,,
White Female,2019-2020,EOY,733,446,259,28,131,17.9,83,11.3,0.63,71,0.5,,48,6.5,0.36,39,0.3,,26,3.5,0.2,21,0.2,,,,,,,
White Female,2020-2021,S1,51,25,26,,,,,,,,,,,,,,,,,,,,,,,,,,,
White Female,2020-2021,EOY,95,51,42,2,,,,,,,,,,,,,,,1,1.1,0.01,1,0,,,,,,,
White Female,2021-2022,S1,361,225,125,11,52,14.4,23,6.4,0.17,23,0.2,,29,8,0.22,24,0.2,,5,1.4,0.04,5,0,,,,,,,
White Female,2021-2022,EOY,982,645,301,36,155,15.8,75,7.6,0.65,67,0.6,,80,8.1,0.7,55,0.5,,17,1.7,0.15,16,0.1,,,,,,,
White Non-Binary,2014-2015,S1,3,2,1,,,,,,,,,,,,,,,,,,,,,,,,,,,
White Non-Binary,2014-2015,EOY,3,2,1,,,,,,,,,,,,,,,,,,,,,,,,,,,
White Non-Binary,2015-2016,S1,1,,1,,,,,,,,,,,,,,,,,,,,,,,,,,,
White Non-Binary,2015-2016,EOY,2,1,1,,,,,,,,,,,,,,,,,,,,,,,,,,,
White Non-Binary,2017-2018,S1,2,1,1,,1,50,,,,,,,1,50,1.33,1,1.3,,,,,,,,,,,,,
White Non-Binary,2017-2018,EOY,14,6,5,3,8,57.1,4,28.6,5.38,1,1.3,,4,28.6,5.38,1,1.3,,,,,,,,,,,,,
White Non-Binary,2018-2019,S1,5,1,4,,3,60,1,20,1.29,1,1.3,,2,40,2.58,1,1.3,,1,20,1.29,1,1.3,,,,,,,
White Non-Binary,2018-2019,EOY,5,1,4,,3,60,1,20,1.3,1,1.3,,2,40,2.6,1,1.3,,1,20,1.3,1,1.3,,,,,,,
White Non-Binary,2019-2020,S1,1,,1,,1,100,,,,,,,1,100,1.43,1,1.4,,,,,,,,,,,,,
White Non-Binary,2019-2020,EOY,1,,1,,1,100,,,,,,,1,100,1.36,1,1.4,,,,,,,,,,,,,
White Non-Binary,2021-2022,S1,11,7,4,,2,18.2,,,,,,,2,18.2,2.53,1,1.3,,,,,,,,,,,,,
White Non-Binary,2021-2022,EOY,20,15,5,,3,15,,,,,,,3,15,3.77,1,1.3,,,,,,,,,,,,,
African American Male,2013-2014,S1,26681,12589,12124,1968,20620,77.3,8072,30.3,13.79,4106,7,,12548,47,21.43,7531,12.9,,895,3.4,1.53,767,1.3,98,0.14,31,0.05,67,0.49,
African American Male,2013-2014,EOY,51983,23758,24291,3934,39697,76.4,15486,29.8,28.19,6178,11.2,,24211,46.6,44.07,11551,21,,1777,3.4,3.23,1407,2.6,247,0.43,98,0.18,149,1.35,
African American Male,2014-2015,S1,25285,14127,9508,1650,12290,48.6,7719,30.5,13.45,3837,6.7,,4571,18.1,7.96,3046,5.3,,823,3.3,1.43,682,1.2,95,0.14,15,0.03,80,0.55,
African American Male,2014-2015,EOY,53897,28541,21707,3649,27123,50.3,16025,29.7,30.06,6099,11.4,,11098,20.6,20.82,5995,11.2,,1795,3.3,3.37,1349,2.5,251,0.46,71,0.13,180,1.56,
African American Male,2015-2016,S1,25288,13665,10034,1589,12438,49.2,7888,31.2,13.93,3455,6.1,,4550,18,8.03,3138,5.5,,698,2.8,1.23,574,1,73,0.1,21,0.04,52,0.35,
African American Male,2015-2016,EOY,49729,26559,19913,3257,25658,51.6,15459,31.1,31.22,5692,11.5,,10199,20.5,20.6,5752,11.6,,1376,2.8,2.78,1034,2.1,174,0.32,46,0.09,128,1.05,
African American Male,2016-2017,S1,18587,10493,6857,1237,7670,41.3,4451,23.9,8.27,2579,4.8,,3219,17.3,5.98,2309,4.3,,596,3.2,1.11,512,1,67,0.11,27,0.05,40,0.29,
African American Male,2016-2017,EOY,35501,19297,13784,2420,15937,44.9,8557,24.1,18,4279,9,,7380,20.8,15.53,4376,9.2,,1152,3.2,2.42,890,1.9,150,0.29,62,0.13,88,0.77,
African American Male,2017-2018,S1,16066,9422,5581,1063,6363,39.6,3707,23.1,7.38,2232,4.4,,2656,16.5,5.29,1957,3.9,,470,2.9,0.94,403,0.8,28,0.05,5,0.01,23,0.19,
African American Male,2017-2018,EOY,31565,17854,11499,2212,13400,42.5,7611,24.1,19.55,3901,10,,5789,18.3,14.87,3635,9.3,,918,2.9,2.36,744,1.9,80,0.17,17,0.04,63,0.6,
African American Male,2018-2019,S1,14414,8242,4830,1342,5937,41.2,3758,26.1,7.7,2175,4.5,,2179,15.1,4.47,1608,3.3,,369,2.6,0.76,313,0.6,37,0.06,,,37,0.29,
African American Male,2018-2019,EOY,27924,14670,10524,2730,12580,45.1,7812,28,20.85,3654,9.8,,4768,17.1,12.73,3043,8.1,,658,2.4,1.76,537,1.4,96,0.21,14,0.04,82,0.76,
African American Male,2019-2020,S1,10917,5408,4646,863,3713,34,2276,20.8,5.18,1511,3.4,,1437,13.2,3.27,1112,2.5,,407,3.7,0.93,353,0.8,13,0.02,1,0,12,0.1,
African American Male,2019-2020,EOY,16075,7740,7014,1321,5616,34.9,3236,20.1,9,2018,5.6,,2380,14.8,6.62,1707,4.7,,605,3.8,1.68,518,1.4,37,0.09,12,0.03,25,0.28,
African American Male,2020-2021,S1,547,333,177,37,4,0.7,1,0.2,0,1,0,,3,0.5,0.01,3,0,,7,1.3,0.02,7,0,2,0,,,2,0.02,
African American Male,2020-2021,EOY,1120,680,380,60,14,1.3,1,0.1,0,1,0,,13,1.2,0.04,13,0,,18,1.6,0.06,18,0.1,3,0.01,,,3,0.03,
African American Male,2021-2022,S1,9447,5178,3449,820,1981,21,623,6.6,1.78,484,1.4,,1358,14.4,3.88,1068,3,,191,2,0.55,174,0.5,20,0.04,5,0.01,15,0.14,
African American Male,2021-2022,EOY,22895,12523,8446,1926,5545,24.2,1808,7.9,5.96,1276,4.2,,3737,16.3,12.32,2431,8,,430,1.9,1.42,383,1.3,73,0.18,17,0.06,56,0.54,
African American Female,2013-2014,S1,14314,6924,6531,859,11016,77,4464,31.2,7.59,2685,4.6,,6552,45.8,11.14,4353,7.4,,516,3.6,0.88,454,0.8,52,0.07,15,0.03,37,0.27,
African American Female,2013-2014,EOY,28948,13532,13626,1790,22073,76.3,9163,31.7,16.57,4366,7.9,,12910,44.6,23.35,7167,13,,1028,3.6,1.86,865,1.6,137,0.24,53,0.1,84,0.74,
African American Female,2014-2015,S1,14768,8511,5514,743,7252,49.1,4619,31.3,7.97,2531,4.4,,2633,17.8,4.54,1920,3.3,,444,3,0.77,403,0.7,19,0.03,1,0,18,0.12,
African American Female,2014-2015,EOY,31626,17413,12377,1836,16041,50.7,9804,31,18.16,4220,7.8,,6237,19.7,11.55,3891,7.2,,991,3.1,1.84,842,1.6,96,0.17,15,0.03,81,0.7,
African American Female,2015-2016,S1,14035,7364,5849,822,7008,49.9,4352,31,7.62,2285,4,,2656,18.9,4.65,2016,3.5,,325,2.3,0.57,290,0.5,29,0.04,2,0,27,0.18,
African American Female,2015-2016,EOY,28494,15179,11481,1834,15040,52.8,8849,31.1,17.71,3935,7.9,,6191,21.7,12.39,3905,7.8,,791,2.8,1.58,659,1.3,100,0.18,6,0.01,94,0.78,
African American Female,2016-2017,S1,9973,5790,3602,581,4183,41.9,2372,23.8,4.37,1630,3,,1811,18.2,3.33,1419,2.6,,317,3.2,0.58,288,0.5,28,0.04,10,0.02,18,0.13,
African American Female,2016-2017,EOY,19530,10554,7681,1295,9258,47.4,4694,24,9.77,2814,5.9,,4564,23.4,9.5,3065,6.4,,680,3.5,1.42,580,1.2,55,0.11,19,0.04,36,0.32,
African American Female,2017-2018,S1,8724,5148,3042,534,3765,43.2,2161,24.8,4.27,1415,2.8,,1604,18.4,3.17,1293,2.6,,257,2.9,0.51,236,0.5,16,0.03,1,0,15,0.12,
African American Female,2017-2018,EOY,17445,9938,6288,1219,7803,44.7,4422,25.3,11.26,2589,6.6,,3381,19.4,8.61,2416,6.2,,565,3.2,1.44,487,1.2,61,0.13,11,0.03,50,0.47,
African American Female,2018-2019,S1,7351,4010,2760,581,3474,47.3,2250,30.6,4.62,1419,2.9,,1224,16.7,2.51,1039,2.1,,223,3,0.46,198,0.4,20,0.03,,,20,0.15,
African American Female,2018-2019,EOY,15278,7798,6144,1336,7586,49.7,4906,32.1,12.67,2523,6.5,,2680,17.5,6.92,2001,5.2,,374,2.4,0.97,334,0.9,43,0.09,5,0.01,36,0.32,
African American Female,2019-2020,S1,7233,4119,2696,418,2295,31.7,1411,19.5,3.23,995,2.3,,884,12.2,2.02,730,1.7,,211,2.9,0.48,200,0.5,14,0.03,,,14,0.11,
African American Female,2019-2020,EOY,10510,5765,4065,680,3474,33.1,1950,18.6,5.47,1308,3.7,,1524,14.5,4.27,1204,3.4,,360,3.4,1.01,324,0.9,22,0.05,1,0,21,0.23,
African American Female,2020-2021,S1,411,264,137,10,3,0.7,,,,,,,3,0.7,0.01,3,0,,3,0.7,0.01,3,0,,,,,,,
African American Female,2020-2021,EOY,780,467,288,25,9,1.2,,,,,,,9,1.2,0.03,8,0,,9,1.2,0.03,8,0,1,0,,,1,0.01,
African American Female,2021-2022,S1,7279,4313,2422,544,1599,22,461,6.3,1.32,386,1.1,,1138,15.6,3.26,954,2.7,,189,2.6,0.54,174,0.5,5,0.01,5,0.01,,,
African American Female,2021-2022,EOY,17905,10777,5741,1387,4325,24.2,1266,7.1,4.19,965,3.2,,3059,17.1,10.14,2107,7,,425,2.4,1.41,385,1.3,23,0.06,12,0.04,11,0.11,
African American Non-Binary,2013-2014,EOY,1,1,,,,,,,,,,,,,,,,,,,,,,,,,,,,
African American Non-Binary,2014-2015,S1,3,1,2,,,,,,,,,,,,,,,,,,,,,,,,,,,
African American Non-Binary,2014-2015,EOY,10,7,3,,1,10,,,,,,,1,10,4.98,1,5,,,,,,,,,,,,,
African American Non-Binary,2015-2016,S1,1,1,,,,,,,,,,,,,,,,,,,,,,,,,,,,
African American Non-Binary,2015-2016,EOY,1,1,,,,,,,,,,,,,,,,,,,,,,,,,,,,
African American Non-Binary,2017-2018,EOY,1,,1,,,,,,,,,,,,,,,,,,,,,,,,,,,
African American Non-Binary,2018-2019,S1,2,,2,,2,100,,,,,,,2,100,7.8,1,3.9,,,,,,,,,,,,,
African American Non-Binary,2018-2019,EOY,4,,3,1,3,75,,,,,,,3,75,12.31,2,8.2,,,,,,,,,,,,,
African American Non-Binary,2019-2020,S1,6,4,2,,2,33.3,1,16.7,4.35,1,4.3,,1,16.7,4.35,1,4.3,,,,,,,,,,,,,
African American Non-Binary,2019-2020,EOY,7,5,2,,2,28.6,1,14.3,4.21,1,4.2,,1,14.3,4.21,1,4.2,,,,,,,,,,,,,
African American Non-Binary,2021-2022,S1,9,5,4,,1,11.1,,,,,,,1,11.1,4.25,1,4.3,,,,,,,,,,,,,
African American Non-Binary,2021-2022,EOY,17,8,9,,4,23.5,2,11.8,8.46,2,8.5,,2,11.8,8.46,2,8.5,,,,,,,,,,,,,
Native American / Alaskan Male,2013-2014,S1,101,65,32,4,75,74.3,48,47.5,8.9,19,3.5,,27,26.7,5.01,15,2.8,,1,1,0.19,1,0.2,,,,,,,
Native American / Alaskan Male,2013-2014,EOY,185,108,69,8,137,74.1,77,41.6,14.68,29,5.5,,60,32.4,11.44,30,5.7,,7,3.8,1.33,7,1.3,1,0.2,,,1,2.22,
Native American / Alaskan Male,2014-2015,S1,129,89,32,8,56,43.4,38,29.5,8.06,16,3.4,,18,14,3.82,14,3,,8,6.2,1.7,8,1.7,,,,,,,
Native American / Alaskan Male,2014-2015,EOY,259,167,79,13,136,52.5,94,36.3,19.89,29,6.1,,42,16.2,8.89,26,5.5,,10,3.9,2.12,10,2.1,1,0.23,,,1,2.02,
Native American / Alaskan Male,2015-2016,S1,92,65,25,2,41,44.6,24,26.1,6.1,16,4.1,,17,18.5,4.32,11,2.8,,1,1.1,0.25,1,0.3,,,,,,,
Native American / Alaskan Male,2015-2016,EOY,209,149,54,6,88,42.1,59,28.2,17.14,31,9,,29,13.9,8.43,18,5.2,,1,0.5,0.29,1,0.3,,,,,,,
Native American / Alaskan Male,2016-2017,S1,103,76,22,5,23,22.3,15,14.6,2.94,13,2.5,,8,7.8,1.57,8,1.6,,1,1,0.2,1,0.2,,,,,,,
Native American / Alaskan Male,2016-2017,EOY,209,136,63,10,67,32.1,42,20.1,9.3,28,6.2,,25,12,5.54,20,4.4,,7,3.3,1.55,7,1.6,,,,,,,
Native American / Alaskan Male,2017-2018,S1,97,66,23,8,26,26.8,17,17.5,3.55,16,3.3,,9,9.3,1.88,8,1.7,,,,,,,,,,,,,
Native American / Alaskan Male,2017-2018,EOY,194,126,48,20,67,34.5,37,19.1,9.87,25,6.7,,30,15.5,8,18,4.8,,2,1,0.53,2,0.5,,,,,,,
Native American / Alaskan Male,2018-2019,S1,78,54,17,7,24,30.8,16,20.5,3.72,11,2.6,,8,10.3,1.86,5,1.2,,2,2.6,0.46,2,0.5,,,,,,,
Native American / Alaskan Male,2018-2019,EOY,125,80,31,14,47,37.6,34,27.2,9.76,19,5.5,,13,10.4,3.73,9,2.6,,6,4.8,1.72,6,1.7,,,,,,,
Native American / Alaskan Male,2019-2020,S1,57,32,21,4,15,26.3,9,15.8,2.16,7,1.7,,6,10.5,1.44,4,1,,,,,,,,,,,,,
Native American / Alaskan Male,2019-2020,EOY,87,45,38,4,23,26.4,12,13.8,3.36,8,2.2,,11,12.6,3.08,9,2.5,,,,,,,,,,,,,
Native American / Alaskan Male,2020-2021,S1,1,1,,,,,,,,,,,,,,,,,,,,,,,,,,,,
Native American / Alaskan Male,2020-2021,EOY,2,1,1,,,,,,,,,,,,,,,,,,,,,,,,,,,
Native American / Alaskan Male,2021-2022,S1,25,15,9,1,5,20,2,8,0.6,2,0.6,,3,12,0.9,3,0.9,,,,,,,,,,,,,
Native American / Alaskan Male,2021-2022,EOY,81,57,20,4,12,14.8,4,4.9,1.4,4,1.4,,8,9.9,2.81,6,2.1,,1,1.2,0.35,1,0.4,,,,,,,
Native American / Alaskan Female,2013-2014,S1,58,36,19,3,46,79.3,27,46.6,5.02,15,2.8,,19,32.8,3.54,15,2.8,,2,3.4,0.37,2,0.4,,,,,,,
Native American / Alaskan Female,2013-2014,EOY,118,77,37,4,79,66.9,44,37.3,8.59,19,3.7,,35,29.7,6.83,25,4.9,,4,3.4,0.78,4,0.8,,,,,,,
Native American / Alaskan Female,2014-2015,S1,46,27,19,,17,37,13,28.3,2.83,9,2,,4,8.7,0.87,4,0.9,,2,4.3,0.44,1,0.2,,,,,,,
Native American / Alaskan Female,2014-2015,EOY,91,47,41,3,43,47.3,26,28.6,5.89,14,3.2,,17,18.7,3.85,12,2.7,,6,6.6,1.36,4,0.9,,,,,,,
Native American / Alaskan Female,2015-2016,S1,57,41,13,3,27,47.4,19,33.3,4.93,9,2.3,,8,14,2.08,6,1.6,,,,,,,,,,,,,
Native American / Alaskan Female,2015-2016,EOY,105,67,34,4,51,48.6,36,34.3,9.52,14,3.7,,15,14.3,3.97,9,2.4,,1,1,0.26,1,0.3,,,,,,,
Native American / Alaskan Female,2016-2017,S1,73,45,25,3,22,30.1,11,15.1,2.24,6,1.2,,11,15.1,2.24,7,1.4,,1,1.4,0.2,1,0.2,,,,,,,
Native American / Alaskan Female,2016-2017,EOY,121,80,31,10,44,36.4,26,21.5,5.82,11,2.5,,18,14.9,4.03,12,2.7,,2,1.7,0.45,2,0.4,,,,,,,
Native American / Alaskan Female,2017-2018,S1,89,70,18,1,14,15.7,9,10.1,1.91,9,1.9,,5,5.6,1.06,4,0.8,,1,1.1,0.21,1,0.2,,,,,,,
Native American / Alaskan Female,2017-2018,EOY,161,129,29,3,25,15.5,15,9.3,4.05,14,3.8,,10,6.2,2.7,9,2.4,,2,1.2,0.54,2,0.5,,,,,,,
Native American / Alaskan Female,2018-2019,S1,37,23,10,4,13,35.1,10,27,2.21,8,1.8,,3,8.1,0.66,3,0.7,,,,,,,,,,,,,
Native American / Alaskan Female,2018-2019,EOY,80,48,21,11,31,38.8,20,25,5.06,12,3,,11,13.8,2.78,11,2.8,,3,3.8,0.76,3,0.8,,,,,,,
Native American / Alaskan Female,2019-2020,S1,23,15,7,1,3,13,2,8.7,0.49,2,0.5,,1,4.3,0.24,1,0.2,,,,,,,,,,,,,
Native American / Alaskan Female,2019-2020,EOY,38,21,15,2,4,10.5,3,7.9,0.75,3,0.8,,1,2.6,0.25,1,0.3,,,,,,,,,,,,,
Native American / Alaskan Female,2020-2021,S1,2,1,1,,,,,,,,,,,,,,,,,,,,,,,,,,,
Native American / Alaskan Female,2020-2021,EOY,2,1,1,,,,,,,,,,,,,,,,,,,,,,,,,,,
Native American / Alaskan Female,2021-2022,S1,25,15,8,2,2,8,1,4,0.33,1,0.3,,1,4,0.33,1,0.3,,,,,,,,,,,,,
Native American / Alaskan Female,2021-2022,EOY,67,41,21,5,12,17.9,6,9,2.26,5,1.9,,6,9,2.26,6,2.3,,,,,,,,,,,,,
Asian / Pacific Islander Male 7,2013-2014,EOY,1,0,1,0,1,100,0,0,0,0,0,,1,100,9.01,1,9,,0,0,0,0,0,0,0,0,0,0,0,
Asian / Pacific Islander Male 7,2018-2019,S1,1,1,0,0,0,0,0,0,0,0,0,,0,0,0,0,0,,0,0,0,0,0,0,0,0,0,0,0,
Asian / Pacific Islander Male 7,2018-2019,EOY,1,1,0,0,0,0,0,0,0,0,0,,0,0,0,0,0,,0,0,0,0,0,0,0,0,0,0,0,
Asian / Pacific Islander Female 7,2017-2018,S1,1,1,0,0,0,0,0,0,0,0,0,,0,0,0,0,0,,0,0,0,0,0,0,0,0,0,0,0,
Asian / Pacific Islander Female 7,2017-2018,EOY,2,1,0,1,1,50,0,0,0,0,0,,1,50,17.29,1,17.3,,0,0,0,0,0,0,0,0,0,0,0,
Hispanic Male,2013-2014,S1,12551,7158,4636,757,8533,68,4566,36.4,6.06,2499,3.3,,3967,31.6,5.27,2688,3.6,,485,3.9,0.64,410,0.5,43,0.05,22,0.03,21,0.23,
Hispanic Male,2013-2014,EOY,23635,12633,9321,1681,15778,66.8,7826,33.1,11.06,3884,5.5,,7952,33.6,11.24,4617,6.5,,982,4.2,1.39,776,1.1,89,0.13,30,0.04,59,0.78,
Hispanic Male,2014-2015,S1,11764,7524,3505,735,4728,40.2,3008,25.6,3.95,1710,2.2,,1720,14.6,2.26,1256,1.6,,430,3.7,0.56,350,0.5,22,0.03,2,0,20,0.2,
Hispanic Male,2014-2015,EOY,27300,16606,9102,1592,11518,42.2,7138,26.1,9.89,3365,4.7,,4380,16,6.07,2661,3.7,,879,3.2,1.22,691,1,69,0.1,21,0.03,48,0.59,
Hispanic Male,2015-2016,S1,12636,8018,3805,813,4563,36.1,2703,21.4,3.51,1651,2.1,,1860,14.7,2.42,1307,1.7,,316,2.5,0.41,284,0.4,30,0.04,11,0.01,19,0.18,
Hispanic Male,2015-2016,EOY,25961,15891,8395,1675,9992,38.5,5833,22.5,8.51,3116,4.5,,4159,16,6.07,2519,3.7,,632,2.4,0.92,534,0.8,67,0.1,22,0.03,45,0.51,
Hispanic Male,2016-2017,S1,13439,9711,3006,722,3399,25.3,2152,16,2.84,1417,1.9,,1247,9.3,1.64,961,1.3,,251,1.9,0.33,221,0.3,21,0.03,9,0.01,12,0.12,
Hispanic Male,2016-2017,EOY,26334,18525,6368,1441,7713,29.3,4920,18.7,7.33,2897,4.3,,2793,10.6,4.16,1919,2.9,,495,1.9,0.74,427,0.6,47,0.07,19,0.03,28,0.31,
Hispanic Male,2017-2018,S1,13758,10041,2887,830,3324,24.2,2122,15.4,2.93,1548,2.1,,1202,8.7,1.66,961,1.3,,250,1.8,0.35,212,0.3,14,0.02,4,0.01,10,0.1,
Hispanic Male,2017-2018,EOY,26683,19086,5955,1642,7675,28.8,5061,19,9.02,3019,5.4,,2614,9.8,4.66,1824,3.3,,502,1.9,0.89,432,0.8,41,0.07,13,0.02,28,0.32,
Hispanic Male,2018-2019,S1,9799,6080,2635,1084,3414,34.8,2294,23.4,3.26,1636,2.3,,1120,11.4,1.59,871,1.2,,274,2.8,0.39,227,0.3,8,0.01,,,8,0.08,
Hispanic Male,2018-2019,EOY,18597,10940,5407,2250,7241,38.9,4753,25.6,8.53,2915,5.2,,2488,13.4,4.47,1693,3,,423,2.3,0.76,352,0.6,24,0.04,6,0.01,18,0.19,
Hispanic Male,2019-2020,S1,7791,4710,2656,425,2183,28,1400,18,2.23,1059,1.7,,783,10.1,1.25,644,1,,236,3,0.38,209,0.3,6,0.01,1,0,5,0.05,
Hispanic Male,2019-2020,EOY,11398,6518,4205,675,3471,30.5,2207,19.4,4.31,1572,3.1,,1264,11.1,2.47,965,1.9,,363,3.2,0.71,319,0.6,9,0.02,3,0.01,6,0.08,
Hispanic Male,2020-2021,S1,564,316,227,21,4,0.7,,,,,,,4,0.7,0.01,4,0,,5,0.9,0.01,5,0,,,,,,,
Hispanic Male,2020-2021,EOY,1064,646,383,35,7,0.7,,,,,,,7,0.7,0.01,7,0,,11,1,0.02,11,0,,,,,,,
Hispanic Male,2021-2022,S1,5836,3257,2179,400,1182,20.3,464,8,0.91,384,0.8,,718,12.3,1.41,538,1.1,,86,1.5,0.17,79,0.2,8,0.01,1,0,7,0.07,
Hispanic Male,2021-2022,EOY,16104,9740,5386,978,3497,21.7,1668,10.4,3.78,1219,2.8,,1829,11.4,4.15,1209,2.7,,198,1.2,0.45,183,0.4,14,0.03,3,0.01,11,0.11,
Hispanic Female,2013-2014,S1,5394,3382,1774,238,3586,66.5,2256,41.8,3.09,1402,1.9,,1330,24.7,1.82,1027,1.4,,145,2.7,0.2,139,0.2,8,0.01,2,0,6,0.07,
Hispanic Female,2013-2014,EOY,10521,6200,3799,522,6797,64.6,3869,36.8,5.64,2171,3.2,,2928,27.8,4.27,1950,2.8,,327,3.1,0.48,298,0.4,14,0.02,2,0,12,0.16,
Hispanic Female,2014-2015,S1,4797,3156,1426,215,2200,45.9,1587,33.1,2.15,945,1.3,,613,12.8,0.83,495,0.7,,154,3.2,0.21,138,0.2,2,0,2,0,,,
Hispanic Female,2014-2015,EOY,11718,7408,3784,526,5361,45.8,3725,31.8,5.41,1808,2.6,,1636,14,2.37,1152,1.7,,322,2.7,0.47,278,0.4,11,0.02,3,0,8,0.1,
Hispanic Female,2015-2016,S1,4906,3207,1437,262,1911,39,1226,25,1.65,822,1.1,,685,14,0.92,566,0.8,,139,2.8,0.19,129,0.2,5,0.01,,,5,0.05,
Hispanic Female,2015-2016,EOY,11327,7074,3670,583,4380,38.7,2744,24.2,4.21,1611,2.5,,1636,14.4,2.51,1199,1.8,,283,2.5,0.43,258,0.4,14,0.02,1,0,13,0.15,
Hispanic Female,2016-2017,S1,6182,4834,1137,211,1357,22,903,14.6,1.23,633,0.9,,454,7.3,0.62,390,0.5,,73,1.2,0.1,72,0.1,1,0,,,1,0.01,
Hispanic Female,2016-2017,EOY,12487,9456,2509,522,3342,26.8,2198,17.6,3.38,1394,2.1,,1144,9.2,1.76,887,1.4,,180,1.4,0.28,165,0.3,3,0,1,0,2,0.02,
Hispanic Female,2017-2018,S1,7131,5673,1148,310,1474,20.7,987,13.8,1.41,768,1.1,,487,6.8,0.69,412,0.6,,93,1.3,0.13,87,0.1,1,0,1,0,,,
Hispanic Female,2017-2018,EOY,14430,11393,2452,585,3408,23.6,2339,16.2,4.29,1548,2.8,,1069,7.4,1.96,839,1.5,,182,1.3,0.33,165,0.3,9,0.02,6,0.01,3,0.04,
Hispanic Female,2018-2019,S1,4402,2818,1151,433,1682,38.2,1185,26.9,1.73,836,1.2,,497,11.3,0.72,413,0.6,,132,3,0.19,114,0.2,,,,,,,
Hispanic Female,2018-2019,EOY,8582,5194,2435,953,3593,41.9,2477,28.9,4.55,1534,2.8,,1116,13,2.05,865,1.6,,197,2.3,0.36,165,0.3,2,0,,,2,0.02,
Hispanic Female,2019-2020,S1,4087,2862,1113,112,1013,24.8,691,16.9,1.14,533,0.9,,322,7.9,0.53,281,0.5,,110,2.7,0.18,103,0.2,1,0,,,1,0.01,
Hispanic Female,2019-2020,EOY,6008,3989,1839,180,1618,26.9,1071,17.8,2.16,786,1.6,,547,9.1,1.1,457,0.9,,170,2.8,0.34,156,0.3,4,0.01,,,4,0.05,
Hispanic Female,2020-2021,S1,226,124,92,10,2,0.9,,,,,,,2,0.9,0,2,0,,2,0.9,0,2,0,,,,,,,
Hispanic Female,2020-2021,EOY,410,250,147,13,8,2,,,,,,,8,2,0.02,6,0,,5,1.2,0.01,5,0,,,,,,,
Hispanic Female,2021-2022,S1,3273,2100,1034,139,615,18.8,280,8.6,0.57,256,0.5,,335,10.2,0.68,269,0.5,,65,2,0.13,60,0.1,,,,,,,
Hispanic Female,2021-2022,EOY,9889,6867,2673,349,1874,19,911,9.2,2.13,707,1.7,,963,9.7,2.25,715,1.7,,132,1.3,0.31,122,0.3,1,0,1,0,,,
Hispanic Non-Binary,2015-2016,EOY,1,,1,,1,100,1,100,2,1,2,,,,,,,,,,,,,,,,,,,
Hispanic Non-Binary,2016-2017,EOY,1,1,,,,,,,,,,,,,,,,,,,,,,,,,,,,
Hispanic Non-Binary,2017-2018,S1,1,1,,,,,,,,,,,,,,,,,,,,,,,,,,,,
Hispanic Non-Binary,2017-2018,EOY,2,1,,1,1,50,1,50,2.01,1,2,,,,,,,,,,,,,,,,,,,
Hispanic Non-Binary,2018-2019,EOY,1,,,1,1,100,,,,,,,1,100,1.89,1,1.9,,1,100,1.89,1,1.9,,,,,,,
Hispanic Non-Binary,2019-2020,S1,7,5,2,,,,,,,,,,,,,,,,,,,,,,,,,,,
Hispanic Non-Binary,2019-2020,EOY,10,7,3,,1,10,,,,,,,1,10,1.84,1,1.8,,,,,,,,,,,,,
Hispanic Non-Binary,2021-2022,S1,2,1,1,,,,,,,,,,,,,,,,,,,,,,,,,,,
Hispanic Non-Binary,2021-2022,EOY,5,2,2,1,2,40,,,,,,,2,40,3.52,2,3.5,,,,,,,,,,,,,
Multiracial Male,2013-2014,S1,310,154,136,20,194,62.6,82,26.5,4.44,58,3.1,,112,36.1,6.07,75,4.1,,11,3.5,0.6,9,0.5,,,,,,,
Multiracial Male,2013-2014,EOY,563,257,266,40,361,64.1,155,27.5,8.92,85,4.9,,206,36.6,11.85,119,6.8,,26,4.6,1.5,20,1.2,1,0.06,,,1,0.76,
Multiracial Male,2014-2015,S1,440,271,143,26,158,35.9,86,19.5,4.57,54,2.9,,72,16.4,3.83,44,2.3,,16,3.6,0.85,13,0.7,,,,,,,
Multiracial Male,2014-2015,EOY,871,486,329,56,339,38.9,184,21.1,10.32,97,5.4,,155,17.8,8.69,85,4.8,,43,4.9,2.41,28,1.6,2,0.12,1,0.06,1,0.76,
Multiracial Male,2015-2016,S1,273,166,81,26,90,33,46,16.8,2.41,37,1.9,,44,16.1,2.3,35,1.8,,11,4,0.58,7,0.4,,,,,,,
Multiracial Male,2015-2016,EOY,592,350,195,47,210,35.5,108,18.2,6.4,68,4,,102,17.2,6.04,65,3.9,,23,3.9,1.36,17,1,1,0.06,,,1,0.7,
Multiracial Male,2016-2017,S1,273,150,109,14,94,34.4,50,18.3,2.63,38,2,,44,16.1,2.31,31,1.6,,9,3.3,0.47,8,0.4,,,,,,,
Multiracial Male,2016-2017,EOY,575,341,207,27,188,32.7,97,16.9,5.74,61,3.6,,91,15.8,5.39,53,3.1,,16,2.8,0.95,15,0.9,,,,,,,
Multiracial Male,2017-2018,S1,335,257,64,14,63,18.8,33,9.9,1.73,24,1.3,,30,9,1.57,22,1.2,,10,3,0.52,8,0.4,,,,,,,
Multiracial Male,2017-2018,EOY,635,440,161,34,158,24.9,80,12.6,5.36,51,3.4,,78,12.3,5.22,54,3.6,,25,3.9,1.67,19,1.3,3,0.2,3,0.2,,,
Multiracial Male,2018-2019,S1,337,227,91,19,86,25.5,49,14.5,2.46,33,1.7,,37,11,1.86,25,1.3,,10,3,0.5,7,0.4,,,,,,,
Multiracial Male,2018-2019,EOY,591,381,164,46,169,28.6,99,16.8,6.21,55,3.4,,70,11.8,4.39,42,2.6,,12,2,0.75,8,0.5,,,,,,,
Multiracial Male,2019-2020,S1,179,104,62,13,46,25.7,28,15.6,1.48,21,1.1,,18,10.1,0.95,15,0.8,,7,3.9,0.37,7,0.4,,,,,,,
Multiracial Male,2019-2020,EOY,284,154,110,20,71,25,40,14.1,2.32,32,1.9,,31,10.9,1.8,24,1.4,,9,3.2,0.52,9,0.5,,,,,,,
Multiracial Male,2020-2021,S1,9,3,5,1,,,,,,,,,,,,,,,,,,,,,,,,,,
Multiracial Male,2020-2021,EOY,24,8,10,6,,,,,,,,,,,,,,,1,4.2,0.06,1,0.1,,,,,,,
Multiracial Male,2021-2022,S1,125,65,52,8,19,15.2,4,3.2,0.23,4,0.2,,15,12,0.87,11,0.6,,1,0.8,0.06,1,0.1,,,,,,,
Multiracial Male,2021-2022,EOY,328,185,126,17,58,17.7,25,7.6,1.67,21,1.4,,33,10.1,2.2,26,1.7,,4,1.2,0.27,4,0.3,1,0.06,,,1,1.11,
Multiracial Female,2013-2014,S1,85,38,42,5,59,69.4,35,41.2,1.92,26,1.4,,24,28.2,1.31,21,1.2,,5,5.9,0.27,5,0.3,,,,,,,
Multiracial Female,2013-2014,EOY,195,94,89,12,128,65.6,75,38.5,4.14,44,2.4,,53,27.2,2.93,44,2.4,,12,6.2,0.66,11,0.6,,,,,,,
Multiracial Female,2014-2015,S1,138,84,49,5,48,34.8,28,20.3,1.5,18,1,,20,14.5,1.07,13,0.7,,4,2.9,0.21,4,0.2,,,,,,,
Multiracial Female,2014-2015,EOY,311,202,99,10,141,45.3,94,30.2,5.26,40,2.2,,47,15.1,2.63,32,1.8,,10,3.2,0.56,10,0.6,,,,,,,
Multiracial Female,2015-2016,S1,128,80,42,6,67,52.3,51,39.8,2.71,23,1.2,,16,12.5,0.85,12,0.6,,6,4.7,0.32,5,0.3,,,,,,,
Multiracial Female,2015-2016,EOY,284,174,98,12,147,51.8,105,37,6.36,36,2.2,,42,14.8,2.54,33,2,,8,2.8,0.48,7,0.4,,,,,,,
Multiracial Female,2016-2017,S1,104,74,24,6,33,31.7,13,12.5,0.7,10,0.5,,20,19.2,1.08,14,0.8,,4,3.8,0.22,4,0.2,,,,,,,
Multiracial Female,2016-2017,EOY,221,162,48,11,66,29.9,35,15.8,2.07,26,1.5,,31,14,1.83,20,1.2,,5,2.3,0.3,5,0.3,,,,,,,
Multiracial Female,2017-2018,S1,132,109,17,6,31,23.5,19,14.4,1.04,14,0.8,,12,9.1,0.66,11,0.6,,4,3,0.22,4,0.2,,,,,,,
Multiracial Female,2017-2018,EOY,236,174,44,18,72,30.5,47,19.9,2.88,31,1.9,,25,10.6,1.53,20,1.2,,9,3.8,0.55,9,0.6,,,,,,,
Multiracial Female,2018-2019,S1,88,56,25,7,30,34.1,16,18.2,0.81,14,0.7,,14,15.9,0.71,14,0.7,,1,1.1,0.05,1,0.1,,,,,,,
Multiracial Female,2018-2019,EOY,173,105,53,15,59,34.1,34,19.7,1.98,29,1.7,,25,14.5,1.45,21,1.2,,2,1.2,0.12,2,0.1,,,,,,,
Multiracial Female,2019-2020,S1,67,44,22,1,15,22.4,13,19.4,0.7,11,0.6,,2,3,0.11,2,0.1,,1,1.5,0.05,1,0.1,,,,,,,
Multiracial Female,2019-2020,EOY,97,59,35,3,21,21.6,15,15.5,0.85,12,0.7,,6,6.2,0.34,3,0.2,,5,5.2,0.28,5,0.3,,,,,,,
Multiracial Female,2020-2021,S1,5,2,3,,,,,,,,,,,,,,,,,,,,,,,,,,,
Multiracial Female,2020-2021,EOY,11,5,6,,,,,,,,,,,,,,,,,,,,,,,,,,,
Multiracial Female,2021-2022,S1,92,62,21,9,16,17.4,7,7.6,0.42,6,0.4,,9,9.8,0.54,5,0.3,,,,,,,,,,,,,
Multiracial Female,2021-2022,EOY,259,169,73,17,50,19.3,26,10,1.81,18,1.3,,24,9.3,1.67,16,1.1,,1,0.4,0.07,1,0.1,,,,,,,
Mutlracial Nonbinary,2021-2022,S1,1,,1,,,,,,,,,,,,,,,,,,,,,,,,,,,
Mutlracial Nonbinary,2021-2022,EOY,1,,1,,,,,,,,,,,,,,,,,,,,,,,,,,,
Asian Male,2013-2014,S1,280,158,107,15,166,59.3,93,33.2,1.42,63,1,,73,26.1,1.12,64,1,,14,5,0.21,12,0.2,1,0.02,,,1,0.37,
Asian Male,2013-2014,EOY,529,296,199,34,295,55.8,156,29.5,2.49,105,1.7,,139,26.3,2.22,113,1.8,,29,5.5,0.46,22,0.4,1,0.02,,,1,0.42,
Asian Male,2014-2015,S1,356,231,111,14,115,32.3,86,24.2,1.25,63,0.9,,29,8.1,0.42,27,0.4,,6,1.7,0.09,6,0.1,,,,,,,
Asian Male,2014-2015,EOY,810,447,333,30,297,36.7,218,26.9,3.3,131,2,,79,9.8,1.2,59,0.9,,10,1.2,0.15,10,0.2,,,,,,,
Asian Male,2015-2016,S1,269,159,99,11,73,27.1,43,16,0.6,34,0.5,,30,11.2,0.42,24,0.3,,6,2.2,0.08,6,0.1,,,,,,,
Asian Male,2015-2016,EOY,495,277,189,29,162,32.7,99,20,1.56,75,1.2,,63,12.7,0.99,55,0.9,,25,5.1,0.39,22,0.3,,,,,,,
Asian Male,2016-2017,S1,277,170,92,15,79,28.5,60,21.7,0.83,49,0.7,,19,6.9,0.26,15,0.2,,11,4,0.15,10,0.1,,,,,,,
Asian Male,2016-2017,EOY,669,401,239,29,238,35.6,158,23.6,2.36,113,1.7,,80,12,1.19,60,0.9,,24,3.6,0.36,21,0.3,1,0.02,1,0.01,,,
Asian Male,2017-2018,S1,395,250,123,22,117,29.6,64,16.2,0.88,49,0.7,,53,13.4,0.73,43,0.6,,8,2,0.11,8,0.1,,,,,,,
Asian Male,2017-2018,EOY,823,513,259,51,263,32,150,18.2,2.62,93,1.6,,113,13.7,1.97,73,1.3,,23,2.8,0.4,19,0.3,,,,,,,
Asian Male,2018-2019,S1,368,215,124,29,99,26.9,55,14.9,0.75,47,0.6,,44,12,0.6,35,0.5,,8,2.2,0.11,8,0.1,,,,,,,
Asian Male,2018-2019,EOY,642,364,218,60,192,29.9,113,17.6,1.76,89,1.4,,79,12.3,1.23,59,0.9,,12,1.9,0.19,11,0.2,3,0.05,1,0.02,2,0.76,
Asian Male,2019-2020,S1,334,201,120,13,73,21.9,49,14.7,0.74,39,0.6,,24,7.2,0.36,20,0.3,,4,1.2,0.06,4,0.1,,,,,,,
Asian Male,2019-2020,EOY,466,276,169,21,107,23,68,14.6,1.1,53,0.9,,39,8.4,0.63,31,0.5,,7,1.5,0.11,7,0.1,,,,,,,
Asian Male,2020-2021,S1,34,16,16,2,1,2.9,,,,,,,1,2.9,0.02,1,0,,,,,,,,,,,,,
Asian Male,2020-2021,EOY,69,40,24,5,1,1.4,,,,,,,1,1.4,0.02,1,0,,,,,,,,,,,,,
Asian Male,2021-2022,S1,250,173,66,11,28,11.2,13,5.2,0.24,12,0.2,,15,6,0.27,11,0.2,,5,2,0.09,5,0.1,,,,,,,
Asian Male,2021-2022,EOY,653,447,185,21,78,11.9,44,6.7,0.92,33,0.7,,34,5.2,0.71,24,0.5,,8,1.2,0.17,8,0.2,,,,,,,
Asian Female,2013-2014,S1,87,58,22,7,54,62.1,39,44.8,0.64,27,0.4,,15,17.2,0.24,13,0.2,,1,1.1,0.02,1,0,,,,,,,
Asian Female,2013-2014,EOY,175,103,60,12,103,58.9,68,38.9,1.16,42,0.7,,35,20,0.6,26,0.4,,7,4,0.12,7,0.1,1,0.02,1,0.02,,,
Asian Female,2014-2015,S1,88,60,24,4,34,38.6,24,27.3,0.37,18,0.3,,10,11.4,0.15,10,0.2,,5,5.7,0.08,5,0.1,,,,,,,
Asian Female,2014-2015,EOY,233,147,80,6,105,45.1,86,36.9,1.31,54,0.8,,19,8.2,0.29,15,0.2,,8,3.4,0.12,7,0.1,,,,,,,
Asian Female,2015-2016,S1,76,53,21,2,21,27.6,19,25,0.28,13,0.2,,2,2.6,0.03,2,0,,2,2.6,0.03,2,0,,,,,,,
Asian Female,2015-2016,EOY,174,105,61,8,66,37.9,47,27,0.79,31,0.5,,19,10.9,0.32,15,0.3,,8,4.6,0.13,7,0.1,,,,,,,
Asian Female,2016-2017,S1,51,30,18,3,6,11.8,5,9.8,0.07,5,0.1,,1,2,0.01,1,0,,2,3.9,0.03,2,0,,,,,,,
Asian Female,2016-2017,EOY,146,99,40,7,44,30.1,33,22.6,0.53,30,0.5,,11,7.5,0.18,9,0.1,,5,3.4,0.08,5,0.1,,,,,,,
Asian Female,2017-2018,S1,78,57,16,5,20,25.6,9,11.5,0.13,9,0.1,,11,14.1,0.16,10,0.1,,2,2.6,0.03,2,0,,,,,,,
Asian Female,2017-2018,EOY,147,107,32,8,35,23.8,19,12.9,0.36,17,0.3,,16,10.9,0.3,13,0.2,,3,2,0.06,3,0.1,,,,,,,
Asian Female,2018-2019,S1,104,73,22,9,38,36.5,28,26.9,0.41,21,0.3,,10,9.6,0.15,10,0.1,,1,1,0.01,1,0,,,,,,,
Asian Female,2018-2019,EOY,185,117,51,17,63,34.1,47,25.4,0.79,32,0.5,,16,8.6,0.27,15,0.3,,3,1.6,0.05,3,0.1,,,,,,,
Asian Female,2019-2020,S1,160,130,29,1,24,15,18,11.3,0.29,15,0.2,,6,3.8,0.1,5,0.1,,,,,,,,,,,,,
Asian Female,2019-2020,EOY,245,193,51,1,29,11.8,20,8.2,0.34,17,0.3,,9,3.7,0.15,6,0.1,,,,,,,,,,,,,
Asian Female,2020-2021,S1,7,1,6,,,,,,,,,,,,,,,,,,,,,,,,,,,
Asian Female,2020-2021,EOY,24,9,11,4,,,,,,,,,,,,,,,4,16.7,0.08,1,0,,,,,,,
Asian Female,2021-2022,S1,118,100,16,2,8,6.8,4,3.4,0.08,4,0.1,,4,3.4,0.08,4,0.1,,,,,,,,,,,,,
Asian Female,2021-2022,EOY,330,281,43,6,22,6.7,10,3,0.22,9,0.2,,12,3.6,0.27,10,0.2,,,,,,,,,,,,,
Hawaiian / Pacific Islander Male,2013-2014,S1,8,5,3,,4,50,3,37.5,1.11,2,0.7,,1,12.5,0.37,1,0.4,,,,,,,,,,,,,
Hawaiian / Pacific Islander Male,2013-2014,EOY,13,7,6,,9,69.2,6,46.2,2.24,4,1.5,,3,23.1,1.12,3,1.1,,,,,,,,,,,,,
Hawaiian / Pacific Islander Male,2014-2015,S1,17,14,3,,4,23.5,2,11.8,0.69,2,0.7,,2,11.8,0.69,2,0.7,,,,,,,,,,,,,
Hawaiian / Pacific Islander Male,2014-2015,EOY,39,29,9,1,13,33.3,9,23.1,3.17,6,2.1,,4,10.3,1.41,4,1.4,,,,,,,,,,,,,
Hawaiian / Pacific Islander Male,2015-2016,S1,32,19,13,,13,40.6,7,21.9,2.4,7,2.4,,6,18.8,2.06,5,1.7,,,,,,,,,,,,,
Hawaiian / Pacific Islander Male,2015-2016,EOY,64,29,34,1,22,34.4,15,23.4,5.13,10,3.4,,7,10.9,2.39,6,2.1,,,,,,,,,,,,,
Hawaiian / Pacific Islander Male,2016-2017,S1,25,22,3,,4,16,4,16,1.33,3,1,,,,,,,,,,,,,,,,,,,
Hawaiian / Pacific Islander Male,2016-2017,EOY,56,43,13,,13,23.2,12,21.4,3.94,6,2,,1,1.8,0.33,1,0.3,,,,,,,,,,,,,
Hawaiian / Pacific Islander Male,2017-2018,S1,75,53,19,3,15,20,11,14.7,3.72,6,2,,4,5.3,1.35,4,1.4,,1,1.3,0.34,1,0.3,,,,,,,
Hawaiian / Pacific Islander Male,2017-2018,EOY,115,77,33,5,29,25.2,16,13.9,5.4,10,3.4,,13,11.3,4.39,10,3.4,,1,0.9,0.34,1,0.3,,,,,,,
Hawaiian / Pacific Islander Male,2018-2019,S1,63,49,8,6,19,30.2,13,20.6,4.38,8,2.7,,6,9.5,2.02,5,1.7,,,,,,,,,,,,,
Hawaiian / Pacific Islander Male,2018-2019,EOY,86,64,15,7,23,26.7,16,18.6,5.5,10,3.4,,7,8.1,2.41,5,1.7,,2,2.3,0.69,2,0.7,,,,,,,
Hawaiian / Pacific Islander Male,2019-2020,S1,14,8,6,,3,21.4,,,,,,,3,21.4,1.14,2,0.8,,,,,,,,,,,,,
Hawaiian / Pacific Islander Male,2019-2020,EOY,18,9,9,,5,27.8,1,5.6,0.45,1,0.4,,4,22.2,1.79,3,1.3,,,,,,,,,,,,,
Hawaiian / Pacific Islander Male,2020-2021,S1,1,1,,,,,,,,,,,,,,,,,,,,,,,,,,,,
Hawaiian / Pacific Islander Male,2020-2021,EOY,5,1,4,,,,,,,,,,,,,,,,,,,,,,,,,,,
Hawaiian / Pacific Islander Male,2021-2022,S1,11,4,5,2,2,18.2,1,9.1,0.58,1,0.6,,1,9.1,0.58,1,0.6,,,,,,,,,,,,,
Hawaiian / Pacific Islander Male,2021-2022,EOY,22,11,7,4,4,18.2,2,9.1,1.34,2,1.3,,2,9.1,1.34,2,1.3,,2,9.1,1.34,2,1.3,,,,,,,
Hawaiian / Pacific Islander Female,2013-2014,S1,7,2,3,2,6,85.7,4,57.1,1.37,2,0.7,,2,28.6,0.68,2,0.7,,,,,,,,,,,,,
Hawaiian / Pacific Islander Female,2013-2014,EOY,21,8,9,4,19,90.5,13,61.9,4.5,3,1,,6,28.6,2.08,4,1.4,,,,,,,,,,,,,
Hawaiian / Pacific Islander Female,2014-2015,S1,5,3,1,1,2,40,1,20,0.34,1,0.3,,1,20,0.34,1,0.3,,,,,,,,,,,,,
Hawaiian / Pacific Islander Female,2014-2015,EOY,15,7,5,3,7,46.7,3,20,1,3,1,,4,26.7,1.34,3,1,,,,,,,,,,,,,
Hawaiian / Pacific Islander Female,2015-2016,S1,8,7,,1,3,37.5,,,,,,,3,37.5,1.07,3,1.1,,,,,,,,,,,,,
Hawaiian / Pacific Islander Female,2015-2016,EOY,15,9,4,2,7,46.7,1,6.7,0.4,1,0.4,,6,40,2.4,4,1.6,,,,,,,,,,,,,
Hawaiian / Pacific Islander Female,2016-2017,S1,7,4,2,1,,,,,,,,,,,,,,,1,14.3,0.34,1,0.3,,,,,,,
Hawaiian / Pacific Islander Female,2016-2017,EOY,12,8,3,1,1,8.3,1,8.3,0.37,1,0.4,,,,,,,,1,8.3,0.37,1,0.4,,,,,,,
Hawaiian / Pacific Islander Female,2017-2018,S1,6,6,,,3,50,3,50,1.05,2,0.7,,,,,,,,,,,,,,,,,,,
Hawaiian / Pacific Islander Female,2017-2018,EOY,8,7,,1,5,62.5,4,50,1.53,3,1.1,,1,12.5,0.38,1,0.4,,1,12.5,0.38,1,0.4,,,,,,,
Hawaiian / Pacific Islander Female,2018-2019,S1,3,2,1,,2,66.7,1,33.3,0.38,1,0.4,,1,33.3,0.38,1,0.4,,,,,,,,,,,,,
Hawaiian / Pacific Islander Female,2018-2019,EOY,8,5,2,1,4,50,2,25,0.86,2,0.9,,2,25,0.86,1,0.4,,,,,,,,,,,,,
Hawaiian / Pacific Islander Female,2019-2020,S1,11,7,3,1,1,9.1,,,,,,,1,9.1,0.41,1,0.4,,,,,,,,,,,,,
Hawaiian / Pacific Islander Female,2019-2020,EOY,14,10,3,1,1,7.1,,,,,,,1,7.1,0.43,1,0.4,,,,,,,,,,,,,
Hawaiian / Pacific Islander Female,2020-2021,S1,2,,2,,,,,,,,,,,,,,,,,,,,,,,,,,,
Hawaiian / Pacific Islander Female,2020-2021,EOY,2,,2,,,,,,,,,,,,,,,,,,,,,,,,,,,
Hawaiian / Pacific Islander Female,2021-2022,S1,27,27,,,,,,,,,,,,,,,,,,,,,,,,,,,,
Hawaiian / Pacific Islander Female,2021-2022,EOY,56,53,3,,2,3.6,2,3.6,0.92,2,0.9,,,,,,,,,,,,,,,,,,,
Race Not Available Male,2013-2014,S1,10,3,5,2,5,50,3,30,1.81,1,0.6,,2,20,1.21,1,0.6,,,,,,,,,,,,,
Race Not Available Male,2013-2014,EOY,22,12,8,2,10,45.5,3,13.6,1.8,1,0.6,,7,31.8,4.2,3,1.8,,1,4.5,0.6,1,0.6,,,,,,,
Race Not Available Male,2014-2015,S1,15,3,10,2,6,40,2,13.3,1.13,2,1.1,,4,26.7,2.27,3,1.7,,,,,,,,,,,,,
Race Not Available Male,2014-2015,EOY,23,7,13,3,8,34.8,3,13,1.67,2,1.1,,5,21.7,2.79,3,1.7,,1,4.3,0.56,1,0.6,,,,,,,
Race Not Available Male,2015-2016,S1,6,4,1,1,1,16.7,,,,,,,1,16.7,0.41,1,0.4,,1,16.7,0.41,1,0.4,,,,,,,
Race Not Available Male,2015-2016,EOY,11,5,5,1,2,18.2,1,9.1,0.41,1,0.4,,1,9.1,0.41,1,0.4,,1,9.1,0.41,1,0.4,,,,,,,
Race Not Available Male,2016-2017,S1,4,1,2,1,1,25,,,,,,,1,25,0.94,1,0.9,,,,,,,,,,,,,
Race Not Available Male,2016-2017,EOY,9,2,6,1,3,33.3,,,,,,,3,33.3,3.03,2,2,,,,,,,,,,,,,
Race Not Available Male,2017-2018,S1,3,2,1,,,,,,,,,,,,,,,,,,,,,,,,,,,
Race Not Available Male,2017-2018,EOY,10,5,3,2,2,20,,,,,,,2,20,1.45,2,1.4,,1,10,0.72,1,0.7,,,,,,,
Race Not Available Male,2018-2019,S1,11,7,2,2,1,9.1,,,,,,,1,9.1,0.62,1,0.6,,1,9.1,0.62,1,0.6,,,,,,,
Race Not Available Male,2018-2019,EOY,18,11,5,2,2,11.1,1,5.6,0.62,1,0.6,,1,5.6,0.62,1,0.6,,1,5.6,0.62,1,0.6,,,,,,,
Race Not Available Male,2019-2020,S1,26,16,7,3,7,26.9,2,7.7,0.19,2,0.2,,5,19.2,0.47,3,0.3,,,,,,,,,,,,,
Race Not Available Male,2019-2020,EOY,29,19,7,3,7,24.1,2,6.9,0.21,2,0.2,,5,17.2,0.52,3,0.3,,,,,,,,,,,,,
Race Not Available Male,2020-2021,S1,0,0,0,0,0,0,0,0,0,0,0,,0,0,0,0,0,,0,0,0,0,0,0,0,0,0,0,0,
Race Not Available Male,2020-2021,EOY,0,0,0,0,0,0,0,0,0,0,0,,0,0,0,0,0,,0,0,0,0,0,0,0,0,0,0,0,
Race Not Available Male,2021-2022,S1,12,6,5,1,2,16.7,2,16.7,0.32,2,0.3,,,,,,,,,,,,,,,,,,,
Race Not Available Male,2021-2022,EOY,34,14,17,3,6,17.6,3,8.8,0.51,2,0.3,,3,8.8,0.51,3,0.5,,1,2.9,0.17,1,0.2,,,,,,,
Race Not Available Female,2013-2014,S1,5,4,1,,5,100,4,80,2.41,4,2.4,,1,20,0.6,1,0.6,,,,,,,,,,,,,
Race Not Available Female,2013-2014,EOY,20,11,8,1,21,105,13,65,8.1,8,5,,8,40,4.98,6,3.7,,2,10,1.25,1,0.6,,,,,,,
Race Not Available Female,2014-2015,S1,3,1,2,,2,66.7,,,,,,,2,66.7,1.09,2,1.1,,,,,,,,,,,,,
Race Not Available Female,2014-2015,EOY,10,7,2,1,2,20,,,,,,,2,20,1.1,2,1.1,,,,,,,,,,,,,
Race Not Available Female,2015-2016,S1,5,2,3,,,,,,,,,,,,,,,,1,20,0.42,1,0.4,,,,,,,
Race Not Available Female,2015-2016,EOY,10,4,6,,2,20,,,,,,,2,20,0.94,2,0.9,,1,10,0.47,1,0.5,,,,,,,
Race Not Available Female,2016-2017,S1,4,1,3,,,,,,,,,,,,,,,,,,,,,,,,,,,
Race Not Available Female,2016-2017,EOY,12,4,7,1,3,25,,,,,,,3,25,3.01,2,2,,,,,,,,,,,,,
Race Not Available Female,2017-2018,S1,1,1,,,,,,,,,,,,,,,,,,,,,,,,,,,,
Race Not Available Female,2017-2018,EOY,6,5,1,,,,,,,,,,,,,,,,,,,,,,,,,,,
Race Not Available Female,2018-2019,S1,3,1,1,1,2,66.7,2,66.7,1.1,2,1.1,,,,,,,,,,,,,,,,,,,
Race Not Available Female,2018-2019,EOY,10,3,3,4,7,70,3,30,1.7,2,1.1,,4,40,2.27,2,1.1,,,,,,,,,,,,,
Race Not Available Female,2019-2020,S1,8,4,3,1,2,25,1,12.5,0.11,1,0.1,,1,12.5,0.11,1,0.1,,,,,,,,,,,,,
Race Not Available Female,2019-2020,EOY,8,4,3,1,2,25,1,12.5,0.12,1,0.1,,1,12.5,0.12,1,0.1,,,,,,,,,,,,,
Race Not Available Female,2020-2021,S1,0,0,0,0,0,0,0,0,0,0,0,,0,0,0,0,0,,0,0,0,0,0,0,0,0,0,0,0,
Race Not Available Female,2020-2021,EOY,0,0,0,0,0,0,0,0,0,0,0,,0,0,0,0,0,,0,0,0,0,0,0,0,0,0,0,0,
Race Not Available Female,2021-2022,S1,12,5,6,1,2,16.7,2,16.7,0.39,2,0.4,,,,,,,,,,,,,,,,,,,
Race Not Available Female,2021-2022,EOY,19,8,9,2,4,21.1,2,10.5,0.41,2,0.4,,2,10.5,0.41,2,0.4,,,,,,,,,,,,,
Grade PK-2,2013-2014,S1,2203,1116,978,109,1001,45.4,164,7.4,0.17,138,0.1,,837,38,0.85,584,0.6,,13,0.6,0.01,13,0,,,,,,,
Grade PK-2,2013-2014,EOY,5014,2353,2413,248,2243,44.7,410,8.2,0.45,325,0.4,,1833,36.6,1.99,1120,1.2,,33,0.7,0.04,33,0,1,0,,,1,0,
Grade PK-2,2014-2015,S1,2679,1793,829,57,171,6.4,101,3.8,0.1,84,0.1,,70,2.6,0.07,59,0.1,,14,0.5,0.01,13,0,,,,,,,
Grade PK-2,2014-2015,EOY,6012,3731,2140,141,215,3.6,121,2,0.13,100,0.1,,94,1.6,0.1,83,0.1,,48,0.8,0.05,39,0,,,,,,,
Grade PK-2,2015-2016,S1,2648,1782,809,57,13,0.5,2,0.1,0,2,0,,11,0.4,0.01,9,0,,16,0.6,0.02,12,0,2,0,,,2,0,
Grade PK-2,2015-2016,EOY,5450,3481,1819,150,25,0.5,3,0.1,0,3,0,,22,0.4,0.03,18,0,,43,0.8,0.05,34,0,2,0,,,2,0.01,
Grade PK-2,2016-2017,S1,2212,1420,745,47,3,0.1,,,,,,,3,0.1,0,2,0,,18,0.8,0.02,17,0,,,,,,,
Grade PK-2,2016-2017,EOY,4655,2887,1637,131,18,0.4,5,0.1,0.01,5,0,,13,0.3,0.02,11,0,,46,1,0.06,40,0,,,,,,,
Grade PK-2,2017-2018,S1,2349,1600,711,38,12,0.5,3,0.1,0,3,0,,9,0.4,0.01,5,0,,24,1,0.03,23,0,,,,,,,
Grade PK-2,2017-2018,EOY,4703,3135,1470,98,21,0.4,4,0.1,0.01,4,0,,17,0.4,0.02,10,0,,47,1,0.06,42,0.1,,,,,,,
Grade PK-2,2018-2019,S1,2547,1834,623,90,12,0.5,7,0.3,0.01,7,0,,5,0.2,0.01,4,0,,14,0.5,0.02,14,0,,,,,,,
Grade PK-2,2018-2019,EOY,4648,3186,1264,198,26,0.6,12,0.3,0.02,12,0,,14,0.3,0.02,11,0,,26,0.6,0.04,24,0,,,,,,,
Grade PK-2,2019-2020,S1,1133,708,392,33,7,0.6,3,0.3,0,3,0,,4,0.4,0.01,4,0,,13,1.1,0.02,11,0,,,,,,,
Grade PK-2,2019-2020,EOY,1737,1059,633,45,10,0.6,4,0.2,0.01,3,0,,6,0.3,0.01,5,0,,17,1,0.02,15,0,,,,,,,
Grade PK-2,2020-2021,S1,62,47,14,1,,,,,,,,,,,,,,,,,,,,,,,,,,
Grade PK-2,2020-2021,EOY,288,197,80,11,1,0.3,,,,,,,1,0.3,0,1,0,,1,0.3,0,1,0,,,,,,,
Grade PK-2,2021-2022,S1,876,478,376,22,1,0.1,,,,,,,1,0.1,0,1,0,,2,0.2,0,2,0,,,,,,,
Grade PK-2,2021-2022,EOY,2104,1182,863,59,3,0.1,,,,,,,3,0.1,0.01,3,0,,14,0.7,0.03,14,0,,,,,,,
Grade 3-5,2013-2014,S1,5900,2237,3444,219,3640,61.7,623,10.6,0.84,555,0.7,,3017,51.1,4.07,2191,3,,64,1.1,0.09,59,0.1,2,0,,,2,0.01,
Grade 3-5,2013-2014,EOY,13083,4892,7633,558,8027,61.4,1606,12.3,2.31,1308,1.9,,6421,49.1,9.26,3832,5.5,,139,1.1,0.2,123,0.2,5,0,,,5,0.02,
Grade 3-5,2014-2015,S1,7118,3834,3067,217,2033,28.6,1091,15.3,1.46,889,1.2,,942,13.2,1.26,716,1,,58,0.8,0.08,52,0.1,4,0,3,0,1,0,
Grade 3-5,2014-2015,EOY,15935,8152,7253,530,5442,34.2,2463,15.5,3.45,1865,2.6,,2979,18.7,4.17,1863,2.6,,147,0.9,0.21,133,0.2,8,0,4,0,4,0.02,
Grade 3-5,2015-2016,S1,7494,4020,3282,192,2114,28.2,1023,13.7,1.33,827,1.1,,1091,14.6,1.42,796,1,,71,0.9,0.09,65,0.1,2,0,,,2,0.01,
Grade 3-5,2015-2016,EOY,16243,7888,7874,481,5720,35.2,2596,16,3.79,1882,2.7,,3124,19.2,4.56,1972,2.9,,173,1.1,0.25,144,0.2,2,0,,,2,0.01,
Grade 3-5,2016-2017,S1,6556,3631,2749,176,1814,27.7,855,13,1.13,692,0.9,,959,14.6,1.26,712,0.9,,84,1.3,0.11,80,0.1,,,,,,,
Grade 3-5,2016-2017,EOY,13740,7067,6206,467,4795,34.9,2176,15.8,3.2,1608,2.4,,2619,19.1,3.85,1651,2.4,,177,1.3,0.26,165,0.2,1,0,,,1,0,
Grade 3-5,2017-2018,S1,6359,3622,2551,186,1666,26.2,878,13.8,1.21,741,1,,788,12.4,1.08,597,0.8,,64,1,0.09,54,0.1,2,0,,,2,0.01,
Grade 3-5,2017-2018,EOY,13352,7367,5526,459,4147,31.1,2048,15.3,2.99,1555,2.3,,2099,15.7,3.07,1351,2,,157,1.2,0.23,128,0.2,2,0,,,2,0.01,
Grade 3-5,2018-2019,S1,5510,3224,2064,222,1315,23.9,757,13.7,1.09,617,0.9,,558,10.1,0.8,421,0.6,,46,0.8,0.07,42,0.1,,,,,,,
Grade 3-5,2018-2019,EOY,11349,6089,4753,507,3224,28.4,1750,15.4,2.56,1281,1.9,,1474,13,2.16,960,1.4,,95,0.8,0.14,86,0.1,3,0,,,3,0.01,
Grade 3-5,2019-2020,S1,3451,1602,1678,171,824,23.9,501,14.5,0.84,405,0.7,,323,9.4,0.54,260,0.4,,62,1.8,0.1,57,0.1,,,,,,,
Grade 3-5,2019-2020,EOY,5406,2387,2714,305,1363,25.2,760,14.1,1.37,613,1.1,,603,11.2,1.09,451,0.8,,97,1.8,0.18,87,0.2,,,,,,,
Grade 3-5,2020-2021,S1,440,307,121,12,,,,,,,,,,,,,,,3,0.7,0.01,3,0,,,,,,,
Grade 3-5,2020-2021,EOY,931,637,267,27,3,0.3,,,,,,,3,0.3,0.01,3,0,,5,0.5,0.01,5,0,,,,,,,
Grade 3-5,2021-2022,S1,2478,1158,1192,128,386,15.6,170,6.9,0.37,152,0.3,,216,8.7,0.47,171,0.4,,24,1,0.05,24,0.1,,,,,,,
Grade 3-5,2021-2022,EOY,6701,2969,3377,355,1399,20.9,621,9.3,1.55,516,1.3,,778,11.6,1.94,571,1.4,,69,1,0.17,66,0.2,,,,,,,
Grade 6-8,2013-2014,S1,12318,4522,6647,1149,8274,67.2,1540,12.5,2.22,1337,1.9,,6734,54.7,9.7,4537,6.5,,440,3.6,0.63,400,0.6,38,0.02,26,0.01,12,0.04,
Grade 6-8,2013-2014,EOY,25247,9095,13696,2456,16774,66.4,3389,13.4,5.21,2696,4.1,,13385,53,20.59,7554,11.6,,976,3.9,1.5,840,1.3,110,0.06,79,0.04,31,0.14,
Grade 6-8,2014-2015,S1,12024,6229,5055,740,3985,33.1,1984,16.5,2.85,1670,2.4,,2001,16.6,2.88,1545,2.2,,374,3.1,0.54,330,0.5,19,0.01,2,0,17,0.06,
Grade 6-8,2014-2015,EOY,26640,13111,11639,1890,10467,39.3,4588,17.2,6.85,3443,5.1,,5879,22.1,8.78,3693,5.5,,908,3.4,1.36,744,1.1,70,0.04,34,0.02,36,0.15,
Grade 6-8,2015-2016,S1,12824,6985,5098,741,4635,36.1,2275,17.7,3.24,1767,2.5,,2360,18.4,3.36,1758,2.5,,340,2.7,0.48,285,0.4,14,0.01,10,0,4,0.01,
Grade 6-8,2015-2016,EOY,26029,12930,11275,1824,11222,43.1,5053,19.4,8.05,3582,5.7,,6169,23.7,9.83,3911,6.2,,835,3.2,1.33,693,1.1,58,0.03,29,0.02,29,0.12,
Grade 6-8,2016-2017,S1,12085,6565,4771,749,4110,34,1996,16.5,2.88,1613,2.3,,2114,17.5,3.05,1541,2.2,,329,2.7,0.47,278,0.4,13,0.01,6,0,7,0.03,
Grade 6-8,2016-2017,EOY,23923,12280,9964,1679,9901,41.4,4556,19,7.33,3311,5.3,,5345,22.3,8.6,3261,5.2,,700,2.9,1.13,564,0.9,35,0.02,25,0.01,10,0.04,
Grade 6-8,2017-2018,S1,10375,5224,4300,851,3842,37,1998,19.3,2.96,1641,2.4,,1844,17.8,2.73,1405,2.1,,301,2.9,0.45,270,0.4,10,0,6,0,4,0.02,
Grade 6-8,2017-2018,EOY,20817,10258,8780,1779,8554,41.1,4270,20.5,6.74,3158,5,,4284,20.6,6.76,2808,4.4,,697,3.3,1.1,596,0.9,40,0.02,24,0.01,16,0.07,
Grade 6-8,2018-2019,S1,9940,5130,3834,976,3607,36.3,2185,22,3.22,1779,2.6,,1422,14.3,2.09,1101,1.6,,288,2.9,0.42,258,0.4,7,0,,,7,0.03,
Grade 6-8,2018-2019,EOY,20131,9757,8144,2230,8241,40.9,4697,23.3,7.36,3401,5.3,,3544,17.6,5.56,2410,3.8,,571,2.8,0.9,486,0.8,27,0.01,17,0.01,10,0.04,
Grade 6-8,2019-2020,S1,6830,2774,3391,665,2440,35.7,1397,20.5,2.28,1141,1.9,,1043,15.3,1.71,853,1.4,,374,5.5,0.61,321,0.5,2,0,,,2,0.01,
Grade 6-8,2019-2020,EOY,10141,3934,5209,998,3907,38.5,2155,21.3,3.79,1683,3,,1752,17.3,3.08,1351,2.4,,622,6.1,1.09,537,0.9,9,0.01,4,0,5,0.02,
Grade 6-8,2020-2021,S1,669,331,306,32,7,1,1,0.1,0,1,0,,6,0.9,0.01,6,0,,7,1,0.01,7,0,1,0,,,1,0,
Grade 6-8,2020-2021,EOY,1437,786,582,69,22,1.5,1,0.1,0,1,0,,21,1.5,0.04,20,0,,33,2.3,0.06,30,0.1,2,0,,,2,0.01,
Grade 6-8,2021-2022,S1,6614,2842,3235,537,1610,24.3,747,11.3,1.5,673,1.3,,863,13,1.73,708,1.4,,161,2.4,0.32,148,0.3,1,0,1,0,,,
Grade 6-8,2021-2022,EOY,15071,6102,7656,1313,4426,29.4,2110,14,4.88,1731,4,,2316,15.4,5.36,1683,3.9,,401,2.7,0.93,365,0.8,5,0,3,0,2,0.01,
Grade 9-12,2013-2014,S1,41231,23628,15079,2524,32531,78.9,17896,43.4,22.91,9230,11.8,,14635,35.5,18.73,8919,11.4,,1622,3.9,2.08,1390,1.8,163,0.04,42,0.01,121,0.14,
Grade 9-12,2013-2014,EOY,77182,42561,29564,5057,60702,78.6,32645,42.3,43.64,13265,17.7,,28057,36.4,37.5,13925,18.6,,3187,4.1,4.26,2543,3.4,377,0.11,103,0.03,274,0.35,
Grade 9-12,2014-2015,S1,38202,23721,12018,2463,21412,56,14499,38,18.32,6875,8.7,,6913,18.1,8.74,4699,5.9,,1512,4,1.91,1276,1.6,115,0.03,15,0,100,0.11,
Grade 9-12,2014-2015,EOY,83937,49777,28806,5354,46906,55.9,31496,37.5,42.51,11200,15.1,,15410,18.4,20.8,8724,11.8,,3106,3.7,4.19,2430,3.3,352,0.11,73,0.02,279,0.38,
Grade 9-12,2015-2016,S1,37119,21396,13051,2672,20156,54.3,13442,36.2,16.85,6030,7.6,,6714,18.1,8.42,4789,6,,1121,3,1.41,977,1.2,120,0.03,24,0.01,96,0.1,
Grade 9-12,2015-2016,EOY,74374,44073,25032,5269,40348,54.3,26517,35.7,37.7,9702,13.8,,13831,18.6,19.66,8157,11.6,,2201,3,3.13,1765,2.5,296,0.09,46,0.02,250,0.29,
Grade 9-12,2016-2017,S1,30328,21153,7214,1961,11454,37.8,7493,24.7,9.67,4318,5.6,,3961,13.1,5.11,3062,4,,893,2.9,1.15,795,1,104,0.03,40,0.01,64,0.07,
Grade 9-12,2016-2017,EOY,58121,39807,14560,3754,23475,40.4,14834,25.5,21.08,7301,10.4,,8641,14.9,12.28,5839,8.3,,1755,3,2.49,1443,2.1,222,0.06,78,0.03,144,0.16,
Grade 9-12,2017-2018,S1,30493,22527,6120,1846,10218,33.5,6590,21.6,8.71,3973,5.3,,3628,11.9,4.8,2881,3.8,,769,2.5,1.02,671,0.9,50,0.01,7,0,43,0.05,
Grade 9-12,2017-2018,EOY,58848,42689,12413,3746,21442,36.4,14282,24.3,24.29,7125,12.1,,7160,12.2,12.18,5068,8.6,,1453,2.5,2.47,1229,2.1,156,0.05,28,0.01,128,0.16,
Grade 9-12,2018-2019,S1,21396,13228,5766,2402,10323,48.2,7041,32.9,9.37,4052,5.4,,3282,15.3,4.37,2615,3.5,,701,3.3,0.93,589,0.8,58,0.02,,,58,0.06,
Grade 9-12,2018-2019,EOY,40707,23611,12219,4877,21204,52.1,14671,36,24.67,6732,11.3,,6533,16,10.98,4615,7.8,,1054,2.6,1.77,883,1.5,133,0.04,8,0,123,0.14,
Grade 9-12,2019-2020,S1,21585,13823,6703,1059,6522,30.2,4267,19.8,6.19,2874,4.2,,2255,10.4,3.27,1812,2.6,,566,2.6,0.82,522,0.8,32,0.01,2,0,30,0.03,
Grade 9-12,2019-2020,EOY,31117,19187,10246,1684,9766,31.4,6105,19.6,10.98,3835,6.9,,3661,11.8,6.58,2765,5,,850,2.7,1.53,754,1.4,63,0.02,12,0.01,51,0.07,
Grade 9-12,2020-2021,S1,825,488,296,41,9,1.1,,,,,,,9,1.1,0.01,9,0,,7,0.8,0.01,7,0,1,0,,,1,0,
Grade 9-12,2020-2021,EOY,1266,730,477,59,18,1.4,,,,,,,18,1.4,0.03,16,0,,18,1.4,0.03,17,0,2,0,,,2,0,
Grade 9-12,2021-2022,S1,18099,11736,5047,1316,3692,20.4,1079,6,1.77,837,1.4,,2613,14.4,4.27,2063,3.4,,364,2,0.6,333,0.5,32,0.01,10,0,22,0.03,
Grade 9-12,2021-2022,EOY,48472,33134,12189,3149,10279,21.2,3387,7,6.45,2302,4.4,,6892,14.2,13.12,4496,8.6,,761,1.6,1.45,686,1.3,108,0.04,30,0.01,78,0.09
